100
4114611 931391172
1 1
521281069 521281069
25 25
245630641 245630641
2 6
369625692 418987759
2 4
5 9
4 5
3 7
9 10
2 8
1 48
2 9
118870254 118870254
2 44
24880080 871713643
8 9
1 3
3 26
2 38
2 3
2 28
6 9
56527832 955384026
1 42
3 5
3 33
118870252 118870252
2 7
7 8
3 9
4 9
3 3
1 10
1 4
1 45
3 4
5 10
2 999999999
2 1000000000
8 10
476966371 863657226
3 8
4 7
2 35
1 49
1 9
6 10
5 7
5 5
2 37
2 47
1 1000000000
1 36
9 9
3 10
2 2
5 6
2 5
7 10
7 7
1 6
118870253 118870253
4 10
245630640 245630640
727944599 852679246
2 10
199286253 866124403
4 6
6 8
3 30
1 2
1 7
5 14
1 8
3 6
8 8
7 9
2 43
245630642 245630642
400645401 853929950
6 7
2 34
1 40
521281070 521281070
10 10
137831045 866159577
147145167 932834385
2 41
4 4
1 46
521281068 521281068
1 5
1 39
6 6
4 8
1 999999999
5 8
