1549 3983 3
37 -22 20
-45 19 1
-34 -23 -24
-31 26 -29
-46 -19 10
-2 -33 52
32 43 7
-27 -18 55
-42 0 43
43 29 -16
-23 -33 50
47 12 -8
-19 14 58
-15 57 22
46 12 -1
10 -3 54
-12 11 -52
22 -43 28
30 -36 23
10 -37 -48
-7 -56 31
-47 13 7
-10 -59 -13
-30 32 44
23 56 -6
29 -46 -28
-44 4 38
17 -60 -2
48 -8 -12
-17 12 59
13 58 -25
1 -4 -59
22 -25 -53
10 -17 -58
20 -43 -41
-4 14 58
-37 -40 5
-43 7 -12
12 -31 46
-46 0 -3
10 29 -55
-33 37 35
30 -7 -55
-40 -20 -13
12 -50 -36
1 7 -59
-3 -21 57
7 -29 -53
0 -22 56
34 -23 -46
26 -27 35
21 -20 43
-39 22 -16
-29 20 -34
-3 -59 -19
-21 28 -40
-5 56 27
41 26 5
-4 34 -49
26 8 40
-10 -57 -18
24 44 21
-13 6 -52
37 -17 22
-39 31 -8
20 -20 44
28 1 -57
26 23 35
-6 -9 60
29 -51 -11
16 49 25
30 -22 32
-25 49 -15
-27 11 -39
-43 -20 34
-31 48 16
-17 58 17
35 -32 -38
29 37 21
46 -11 -29
8 -5 55
-18 25 -44
25 33 -49
-33 -34 41
18 59 -4
47 -15 -15
5 46 37
-4 39 -46
17 -18 47
44 1 -39
0 -41 -44
34 -11 -51
-22 -47 38
38 -18 -44
-28 49 24
23 13 42
-20 -2 60
17 -51 25
-20 50 32
47 -15 -12
12 39 -49
29 43 14
-35 -9 51
-16 58 -11
28 -49 -24
-46 -18 8
46 0 -33
12 -52 -33
34 -42 6
31 42 11
29 25 -51
-38 -23 -16
43 -29 -7
-14 -61 10
-8 34 -47
-24 -47 36
36 11 -50
-4 -61 20
-37 41 9
0 -62 -12
-4 -60 -16
-24 23 53
-21 54 23
-16 -23 57
21 -41 31
30 -41 18
-14 34 50
31 29 -47
-8 59 -19
45 23 -18
-15 -38 -37
30 -50 -5
-21 13 -45
21 -45 -38
42 -4 15
12 -61 -12
14 -23 48
4 38 44
-6 37 48
-30 2 -36
-15 -52 35
14 60 -16
-14 29 53
-9 -17 59
2 -52 35
-25 52 -9
6 63 -11
19 41 -46
-9 -24 57
8 35 -52
34 45 -15
1 63 -13
-10 2 -54
32 38 14
28 40 -41
-28 1 57
30 25 29
-21 21 55
-36 -36 34
36 -42 -2
-38 28 37
-9 -7 -54
-28 51 17
-16 -59 -3
38 39 -9
7 -60 -19
37 31 11
-40 25 -11
23 -3 44
21 48 20
17 43 -45
-1 62 -16
1 64 -3
-3 58 -25
28 -29 -48
17 -52 -31
42 20 -37
-44 2 -10
47 4 -2
-24 34 -33
5 -24 53
47 4 -29
24 -38 30
14 -59 -17
2 -36 -48
-7 50 36
30 32 -46
7 19 52
12 -21 50
19 18 -58
-10 7 60
46 -14 -27
11 17 -59
30 29 -48
-31 -39 -15
-48 5 21
-28 9 56
36 -42 -16
-29 46 -12
7 -58 22
14 51 -37
1 -46 42
41 -8 -43
-5 48 -38
4 63 -12
-36 5 -27
38 -10 -47
35 -27 21
10 -51 31
-19 10 59
4 56 -31
-14 61 -2
-22 15 57
19 6 47
-42 1 -15
25 -51 -25
11 -23 50
-8 63 3
-23 49 -19
23 55 1
-43 -2 41
-17 -38 -35
-36 42 3
38 34 -31
28 -32 29
5 59 18
4 -60 20
-14 -12 60
-19 25 54
-10 -28 -47
-15 -57 26
-33 -14 52
0 -40 47
1 -19 -56
-30 26 48
-47 -11 6
-2 -53 -30
-5 63 -9
-15 56 -18
20 33 36
-2 37 47
15 39 36
38 -31 11
-29 29 47
-46 -4 33
-13 -35 52
11 -8 -60
-4 62 13
17 -59 -13
9 11 -60
32 9 -54
-18 -52 -18
37 -41 -7
-35 43 18
-36 -17 -23
-13 51 34
-33 10 -31
-33 -45 23
24 -21 -54
-35 -38 -7
-18 21 56
-16 53 30
13 45 -44
-8 -62 15
-39 13 -20
-42 20 -9
38 -23 -41
13 3 52
0 -27 54
-8 47 -37
-40 -24 -10
-22 -26 -38
45 12 -33
-44 -14 35
-14 -31 54
-13 53 31
45 -7 -35
17 53 -33
12 7 52
-42 -16 -10
6 -5 -60
-31 -31 46
36 29 -41
18 58 3
-14 -32 -42
-28 37 -26
-48 1 7
-27 46 -16
-42 31 6
45 -21 -23
-40 -25 -9
48 -7 -19
17 10 48
20 51 17
-39 17 43
16 -38 -47
-35 -17 49
-8 22 -52
-20 58 9
-8 -63 0
-22 -42 -26
-23 2 -44
-32 23 48
42 11 13
23 -51 16
31 46 4
40 23 -39
42 28 -27
46 5 2
-36 -24 45
2 64 -2
14 12 -60
22 -56 -15
21 56 -20
25 -30 -49
46 -8 2
-5 -61 20
32 13 -53
-34 -38 -10
9 38 41
15 -16 -58
-45 -18 1
38 38 -22
-7 -7 -55
14 -20 49
-26 -27 52
-18 56 22
-38 -39 11
32 33 -43
-23 -55 19
-34 41 -8
40 30 -31
-46 2 33
40 18 -42
-13 -29 55
36 42 -6
-4 -44 45
-16 -58 -7
12 -29 -53
31 45 6
-47 15 11
29 -50 -18
45 15 1
0 48 -40
46 -20 -11
-18 -47 -25
-7 61 -15
-21 -53 29
-13 -54 33
42 7 14
7 25 50
-41 -29 30
2 62 11
40 -36 -11
31 -9 -54
-8 -31 54
-27 -21 54
-22 57 6
7 61 -19
-48 -4 8
28 50 2
-40 30 30
-21 -33 51
27 53 -12
28 -46 15
-23 1 59
6 -24 -55
-47 -9 4
4 60 16
39 -22 16
31 -49 -10
-30 -8 -35
19 -32 40
27 -45 -33
3 54 -34
44 -25 -21
-4 -30 54
-15 42 44
-11 56 -23
29 -14 36
13 43 -46
-46 17 5
7 -53 -32
-23 55 -5
-16 32 51
35 44 -9
41 -31 -25
-20 49 -24
-32 -10 -32
-37 41 13
-18 -27 55
4 -14 56
23 -16 42
35 -14 27
-47 -15 12
-10 27 54
27 -12 39
-10 -23 -49
-39 9 46
-18 5 60
10 -62 6
-35 -33 39
42 -25 -30
-43 -28 21
18 27 41
27 -42 22
5 -55 29
31 -35 -40
-20 -58 12
48 8 -20
2 64 -1
-44 24 24
-41 -31 26
3 -64 0
-4 63 7
-11 -61 -4
44 9 -38
8 62 -14
11 61 -16
45 -23 -16
0 44 41
43 -3 -41
-11 13 59
-42 -31 9
45 1 7
-23 -46 -20
-32 6 54
-30 -45 -8
22 53 9
-34 -22 48
42 19 8
-15 -56 -14
-44 18 -4
17 38 35
-20 55 -12
23 -1 44
42 -30 -21
-6 57 -25
44 22 -2
-41 32 22
-43 -9 40
-7 56 -26
-41 -12 -15
-47 1 29
40 28 -34
26 -16 -55
-39 38 10
-10 -9 -53
-14 -61 2
-1 41 44
-23 -48 -17
16 34 -52
-46 -13 2
-11 30 -47
33 45 -22
-40 26 35
-22 31 50
45 20 -26
19 58 0
-8 62 11
13 -54 24
-8 -63 8
27 -41 -38
-47 15 18
40 17 15
36 21 21
-38 -7 48
-21 7 59
-30 22 50
-5 55 -29
28 2 -57
-26 16 55
-46 19 9
-10 61 14
-11 59 -16
23 -46 23
37 37 3
12 -54 25
-35 -1 52
-34 -31 -18
-36 15 -25
11 62 0
-28 -52 10
2 -30 52
-48 9 15
1 34 -51
-39 38 11
25 -40 -41
43 22 -32
35 41 -27
8 32 46
-27 28 49
3 -62 15
-38 38 21
-17 27 -44
-29 49 -5
43 23 1
41 -23 -36
-5 -7 60
39 -9 21
23 42 -43
45 -21 -3
-29 -43 -14
-34 -29 44
17 57 -23
-11 61 -10
3 -49 -37
19 29 -54
34 -16 28
-6 -28 -49
-41 -26 34
-7 29 53
24 0 43
37 -28 16
22 -23 41
-13 13 -51
-1 -58 27
-1 50 35
45 4 -36
-15 -16 -48
14 -7 -60
-38 -37 26
-34 23 46
-22 -39 -29
-12 -21 58
12 29 -55
37 9 24
-24 27 -37
-13 8 60
12 -11 52
6 36 -51
26 52 2
38 -39 -15
34 -23 25
-13 60 -10
-22 57 2
42 -31 -6
1 -57 28
21 -30 39
-39 37 4
-10 41 -41
-35 40 -7
9 -27 -54
8 -45 39
18 56 10
-5 -14 59
-11 58 22
-47 0 29
-14 50 35
23 -56 -12
29 -24 -50
5 59 -25
-47 13 22
-47 -6 28
-5 -62 16
-2 -16 58
-35 -32 40
16 -6 -60
40 -21 14
-33 46 15
-4 8 -57
-44 10 36
28 7 38
-13 -49 -28
16 -60 -8
18 22 -57
0 21 55
22 -48 22
46 -17 -4
-35 29 -20
-29 -14 55
30 -47 7
20 -55 -22
-8 -60 22
-40 31 -4
-22 3 -45
-34 -4 -30
43 -6 12
25 52 -25
26 50 7
8 56 -31
-36 26 42
-18 47 37
31 -27 28
20 47 -39
-21 48 34
-29 -50 20
-39 32 30
-16 35 49
-42 -28 1
2 -59 -21
-42 2 -15
5 -21 -56
-40 34 22
46 -12 0
4 61 13
-7 53 32
35 31 -41
40 34 -24
-34 44 19
-6 -62 -8
47 -8 -2
-1 -64 4
-3 47 -40
3 35 -51
35 14 26
-29 -29 49
-44 -2 -10
4 -61 -16
-31 37 38
-7 -26 56
27 -51 6
-5 59 21
-30 40 36
-46 11 30
-39 -15 -18
-28 46 30
-1 53 31
46 -19 -8
0 61 -20
-46 -10 0
48 3 -8
-20 -58 7
6 42 -47
15 -24 -55
32 -40 15
-20 -33 -36
-22 11 58
6 -63 -7
41 -4 -44
-10 62 -5
1 -63 12
44 0 -39
26 53 -2
-45 -22 22
28 -36 26
16 -56 -24
-11 15 -52
17 50 -37
-27 26 50
35 -17 -48
10 14 52
37 -35 -31
-24 4 -43
45 -16 -30
40 20 -41
-26 -35 47
-21 33 -37
-33 47 8
-30 -50 11
3 27 -55
-45 -4 -6
-41 -7 44
-26 54 9
30 50 -8
-16 -60 13
-41 -6 -17
0 33 49
-32 -9 54
-35 15 49
-2 54 30
31 -44 11
44 -17 5
11 -31 -52
32 38 -38
-9 56 27
39 -2 22
26 7 -58
36 1 27
24 -49 -30
-14 60 -8
30 49 -20
14 -9 51
-47 -14 22
22 8 -59
-45 23 13
40 -35 -19
-13 -23 -47
43 16 -37
-3 -24 56
-26 -3 58
2 41 -47
-19 54 -16
18 -10 -59
16 -28 -53
11 -41 -45
-10 -59 24
-46 4 -3
19 14 -59
33 8 31
24 -54 -18
-35 -40 29
48 -4 -23
-36 24 -21
-7 16 58
-36 0 51
41 -31 0
34 -31 20
24 -34 33
-33 41 30
-15 16 58
45 -10 5
-22 -55 -4
-8 -59 25
-5 61 16
-15 38 47
33 -46 -1
-40 34 1
-40 -13 44
4 -62 -12
1 -10 -58
-9 26 -50
-33 -46 5
0 -3 59
-5 21 56
43 28 -22
16 60 -2
24 19 -56
-19 -58 1
-28 51 -2
44 -15 -34
-42 19 36
7 12 54
-21 -7 -45
0 -53 -31
12 -57 -24
1 -51 -34
-25 -19 -38
-14 45 41
-26 -2 58
21 50 -34
-32 11 53
0 -44 44
-9 -19 -51
37 21 -45
-29 -7 56
37 15 22
14 61 -2
-38 -15 46
-18 -56 25
-33 0 -32
-8 7 -55
-5 2 60
-25 -52 25
8 -55 27
-10 -38 50
-27 -5 -39
-19 -42 45
-48 8 18
6 15 -59
-23 -28 -36
16 -53 -30
-8 -57 -20
-2 64 -2
-14 54 29
-45 18 27
-27 -51 -2
-42 7 42
-41 -34 15
4 51 -38
11 -26 49
32 -48 -9
-44 17 32
34 0 -53
5 16 54
-13 -55 -19
-48 5 10
-2 44 -43
39 35 -26
24 19 39
28 42 17
42 -24 6
39 -36 -22
-9 22 56
14 59 8
34 -41 8
27 44 16
-22 -56 17
6 4 56
-40 -35 20
-18 -59 5
-11 -58 26
15 -57 16
19 12 46
-32 39 -16
17 -27 44
5 -15 -58
23 -3 -59
-12 57 -20
39 -2 -47
-40 22 38
-27 43 36
-15 27 54
-40 -15 -16
2 -57 -25
-17 45 40
0 -47 -38
-35 -42 1
45 20 -4
-29 17 53
-24 13 -42
-9 -52 37
22 -46 -36
33 14 -52
-21 28 52
-19 -43 44
-9 50 -33
-20 -32 52
-31 48 0
21 -19 -56
-15 54 -22
-40 -2 46
-22 42 -29
-40 15 -17
-37 -9 -24
-34 -10 -29
-32 28 45
-17 -10 60
33 -43 7
46 19 -21
8 -63 -2
-37 -41 17
3 -57 27
-4 -63 -6
40 -24 12
-14 -4 -51
27 -52 -17
-47 8 28
-38 13 46
6 43 39
-25 -13 -40
33 -11 -52
-19 20 -45
28 -21 -52
4 32 -53
21 -12 -58
-22 -54 25
13 61 -13
35 43 -20
40 28 6
-31 -30 -24
47 14 -16
-3 17 57
-36 -25 -19
9 -55 -29
-31 49 10
29 27 29
-44 19 30
-4 -63 12
31 7 -55
-39 -36 24
16 34 39
14 -44 -42
-44 8 -9
-1 64 1
7 -63 -5
-23 -56 12
47 -10 -25
33 46 -5
47 -14 -21
15 -21 48
24 43 -41
9 -59 -21
16 -42 36
-30 -44 -10
-40 18 -16
-21 44 39
-9 -33 53
46 -15 -26
37 35 -32
25 30 -51
27 48 9
32 -21 -49
-6 63 6
33 20 27
8 44 37
11 -62 -7
42 29 -2
30 -2 36
5 -32 -51
5 63 4
17 59 -15
-14 -56 29
11 -61 -13
28 46 -33
-12 48 -33
26 -52 6
0 48 37
-17 -16 59
-28 10 -38
16 -30 -52
-9 31 52
44 -7 9
-10 -60 21
-33 17 50
-41 34 9
-31 -22 51
39 21 15
28 -33 -45
46 18 -8
-13 -59 -9
-12 56 26
34 -29 -42
1 -34 -49
-36 -1 -27
-42 28 26
-19 -8 60
33 20 -50
-46 -18 23
-3 43 43
-9 -12 60
-35 41 25
-36 36 31
-42 -16 39
35 6 28
47 -5 -1
39 26 11
-7 -59 -16
-9 -52 -27
-10 1 -54
-20 -21 57
35 -9 28
24 -47 -33
-29 -46 31
-44 14 34
17 -58 10
9 -16 53
25 -44 -36
7 26 -56
1 57 -29
19 -27 -53
16 59 4
-23 -56 5
39 -27 -36
-24 -22 55
-40 13 43
14 22 47
29 -4 -56
-22 -30 -36
-24 -11 58
4 50 33
46 5 -33
17 1 49
-35 44 12
-32 -43 31
-24 -39 45
26 -9 -57
8 59 15
33 -31 22
-37 36 29
-33 -24 48
-22 36 -34
12 61 3
22 -18 -56
-18 58 15
13 -35 43
-17 -54 31
-44 26 10
-34 8 52
-3 -12 59
-15 -58 23
-35 35 -14
32 -32 23
8 -63 4
-10 54 30
-34 37 -14
7 7 55
15 -55 20
-12 -24 57
10 59 -24
-24 -51 29
43 20 4
7 37 43
39 35 -1
-40 36 13
-16 60 -3
-12 62 2
-11 23 -50
9 12 53
-30 -49 2
-6 51 -34
27 -53 -9
23 53 7
21 -50 -31
-28 18 -36
-8 -35 -44
-14 -17 59
-22 51 -17
40 34 -4
13 -61 4
-43 23 29
38 -16 -45
-37 19 45
22 -35 -47
-27 53 10
40 -36 -9
23 -55 5
-4 -32 -48
45 22 -22
-24 12 57
28 51 -1
37 -32 -35
0 22 -56
-43 -27 24
27 47 11
21 38 31
27 -53 -3
-16 1 -50
37 33 -35
-2 31 51
8 52 28
-37 -39 1
37 -14 -47
1 -63 -8
-24 8 58
-30 -37 42
40 -29 7
-24 -36 -29
-19 -58 16
17 16 -59
4 22 -57
14 -58 -20
-20 -57 -2
31 -49 -6
25 -31 34
2 58 -27
-14 -57 -13
20 -30 -51
12 12 -60
-46 14 27
-13 37 48
44 17 -34
-30 40 -19
29 47 -29
-31 -2 55
24 -36 -45
-27 -41 -20
-17 29 -43
44 -26 -15
47 9 -4
-45 -23 15
2 57 24
-46 -14 28
-20 42 42
-45 2 36
-26 54 3
-38 -35 30
6 52 -37
-21 -52 31
7 -52 32
34 30 19
8 -62 9
12 -44 37
-21 -26 -39
25 32 31
40 4 -46
-15 38 -40
18 -15 -58
-21 -49 -19
-9 -29 -47
17 -6 49
26 50 -28
43 -19 7
12 47 31
19 46 25
39 -29 -34
3 -49 38
-14 30 -45
30 12 34
-43 27 23
-2 52 -35
25 37 27
47 14 -17
8 -60 17
-5 62 13
6 9 -60
8 62 5
-2 -48 -36
12 48 -41
19 -58 5
-8 40 -43
-14 20 -49
-26 -53 2
35 -44 -7
10 -62 -9
-25 4 58
-48 -6 22
39 13 19
-20 40 44
-6 14 -55
37 -40 -1
14 -61 -8
13 15 50
8 -28 50
37 -24 -42
-48 -4 23
-38 -24 42
34 2 30
-13 58 -16
9 34 44
-13 0 -52
-25 40 41
-38 7 48
-19 41 -34
37 -40 -21
38 -38 -1
48 5 -22
-32 -45 -3
44 26 -11
-45 -21 6
33 24 -48
9 31 46
-16 60 10
10 53 25
-7 -40 -41
28 -26 33
-28 50 21
32 -6 33
11 53 -35
14 61 -10
39 29 8
17 10 -60
-32 -16 -30
29 51 -13
24 8 42
5 25 51
-48 -7 11
21 -10 45
-47 -10 26
-47 -15 18
2 16 -58
-27 -15 -37
3 -38 47
21 -38 -45
3 -44 -42
-4 50 36
24 31 -51
27 10 -57
-10 40 46
9 -31 48
-35 -7 -28
-43 11 38
-29 -40 40
-30 -48 -1
-4 -4 -57
16 44 31
18 21 44
33 -20 28
10 62 -11
-17 52 31
13 26 46
47 -11 -5
-41 26 32
-37 39 23
-18 58 -7
-27 31 47
42 23 5
-29 -2 -37
47 11 -25
29 -8 37
10 -41 -45
5 5 -60
19 55 -27
-45 17 -1
-27 -8 57
45 5 6
13 52 24
-10 51 -31
-14 -58 24
37 41 -16
-26 53 16
41 9 16
-29 -35 -23
30 -15 -53
8 61 9
25 40 24
15 -34 -50
-14 -49 -27
35 -21 -46
12 21 -58
-7 31 -49
-43 29 8
-31 45 -9
23 24 -55
48 -6 -9
-40 -29 33
-18 -5 -48
-16 19 57
47 -3 -29
-9 11 -54
-7 58 23
47 0 -1
8 45 36
26 52 -23
-13 -21 58
-25 49 29
-22 35 47
-26 -39 -24
9 -10 54
31 46 -26
-32 7 -33
42 -32 -12
0 9 58
41 2 17
18 48 -39
-5 26 54
-7 -52 37
-38 36 26
27 53 -9
7 -11 55
14 -60 8
22 -55 -19
45 -1 7
10 2 54
10 -40 42
36 41 -23
8 -33 -51
-3 46 40
-15 -51 -23
37 19 -46
48 0 -7
31 45 -29
41 -12 16
15 -60 5
7 -50 -36
20 3 -60
-3 31 -51
4 -38 -47
46 -20 -15
-36 -31 -14
35 -40 -27
-14 -60 -3
-39 22 40
-37 30 37
-32 -37 39
-12 57 24
47 13 -11
-46 14 1
-40 19 40
-44 25 4
22 57 -11
45 12 3
-16 -20 -46
40 13 -44
29 17 34
-47 -7 3
-7 38 -45
-17 -10 -48
-3 -37 50
16 -58 -18
2 61 -20
-1 -55 32
47 -14 -10
22 39 29
-13 -43 -34
13 -20 -57
17 45 -43
35 -37 12
-26 51 -9
29 -47 10
-46 20 19
-25 -28 52
2 -61 -16
9 -62 -10
-29 -51 10
-16 -48 40
11 33 -53
27 -52 3
23 -30 -50
23 48 17
10 -61 11
-43 29 17
0 -1 59
23 46 -38
22 42 26
-32 -41 34
29 50 -1
30 50 -12
-37 -33 -9
48 7 -14
10 -8 -60
43 -28 -20
16 60 -11
7 -42 -44
19 -2 -60
-26 -13 57
36 -2 27
40 -14 -43
-11 49 37
48 0 -23
-12 44 -37
-1 -64 0
0 58 23
4 63 5
31 -18 32
2 -27 -53
-43 -24 30
4 14 55
5 -35 48
-47 7 2
-4 -4 60
12 13 51
21 -16 -57
29 -48 -24
-6 58 -23
-2 -51 38
4 -7 57
-35 43 1
-38 20 -19
-26 -53 17
-34 -17 50
-13 -43 46
-17 59 13
23 -56 -1
45 -20 -26
43 -10 11
14 -12 -59
17 23 44
4 -55 -29
-28 -28 -30
-46 18 22
-31 33 42
-44 -26 16
40 -30 -30
37 -41 -9
-11 -4 -53
-43 9 39
0 -64 -1
-44 -10 -8
-37 -21 45
32 43 -31
-1 24 54
39 4 21
-22 55 18
15 -36 41
-16 57 -14
7 41 40
-48 0 23
-9 -47 -33
45 23 -11
-42 -20 -7
19 -38 -46
0 -64 4
-21 -17 -43
-48 7 12
42 31 -8
33 36 -39
33 46 -18
20 57 -18
-13 -60 18
-30 47 24
-10 31 52
-4 -44 -39
-16 -42 46
31 -40 -35
-4 8 59
-40 33 25
25 54 -16
46 19 -10
-14 56 25
-9 62 -8
-1 -58 -22
-16 -28 55
18 55 12
15 23 -57
43 29 -14
33 18 28
-34 17 -28
-1 -60 23
-13 50 -30
42 -31 -17
1 63 7
0 -13 -57
11 -59 16
13 -59 13
-2 -56 -25
-46 6 32
0 -56 -26
-30 -18 -32
44 8 8
43 15 8
-18 -15 59
-44 -16 34
43 25 -28
41 33 -20
12 57 16
40 36 -13
34 -7 -52
-48 -9 14
4 59 -25
-32 17 -31
19 -47 -37
-16 50 -27
2 43 41
-28 34 44
9 52 -37
10 21 -58
-48 -8 20
42 -9 -41
36 20 -47
26 4 -58
18 -59 2
-8 63 -1
-23 20 -41
-45 -5 36
6 49 33
8 31 -54
-16 22 56
3 12 -59
-37 6 -25
12 -55 -28
31 42 -34
48 -9 -14
-20 55 22
34 30 -43
-32 -47 19
41 26 -34
-39 -1 -22
22 34 -50
2 -63 11
2 -64 2
0 37 -49
8 63 -1
-41 34 11
-24 -8 -42
-46 15 2
1 -62 16
39 -34 3
23 -54 8
8 60 -22
30 -26 -48
18 -8 48
-38 -39 19
23 50 -32
-12 -7 -52
-20 -12 -45
-1 61 16
-24 -42 42
1 -59 24
-18 -39 48
0 28 52
-46 -11 30
34 44 -1
34 -17 -49
13 -5 52
27 -19 37
17 -11 -59
-1 -63 13
45 22 -7
9 -50 33
-11 62 7
38 10 -48
8 41 -48
-26 50 25
15 56 -28
45 -13 -32
0 -30 -51
41 -32 -2
-6 -48 -34
37 -8 25
27 21 -54
39 12 -46
-8 -43 46
31 -9 34
-4 25 -53
-41 4 -17
43 -26 0
-23 -53 -8
8 -61 -15
19 -28 42
-16 -25 -44
-24 23 -39
-41 5 44
-40 32 27
-8 -58 27
9 6 54
-27 -31 -29
-39 26 -13
32 2 33
33 -46 -15
-12 61 11
19 58 -15
38 32 7
42 -1 15
-35 -44 11
-42 25 -5
3 47 -42
-44 -26 8
-19 -50 36
21 23 -56
-26 19 -38
-30 -48 23
35 35 11
-34 42 -6
-23 47 34
-39 5 47
-29 11 55
30 -20 -51
-9 -16 -52
21 13 44
47 -7 -27
-3 48 -39
-32 46 20
-24 -27 53
48 5 -10
-14 58 20
5 -45 41
-20 -3 60
20 4 -60
-7 -22 -51
-47 -2 1
-6 34 50
-1 -15 58
-41 -22 38
-10 -29 55
27 52 -19
-18 8 -48
-13 -47 42
46 14 -28
-31 15 -33
1 14 -58
21 41 -45
-19 -46 -25
39 -34 -27
-2 -41 47
-47 0 1
-42 15 -12
31 30 24
-39 -21 42
-44 -21 0
34 39 -33
5 58 20
-40 -35 7
22 15 -58
-40 -32 0
10 -35 45
8 16 -59
10 -20 -57
24 38 -46
8 63 -6
22 29 -53
0 36 47
-25 32 -33
-1 63 8
23 26 37
-38 -6 -23
25 19 38
-43 0 41
-30 50 4
229 509
509 1456
280 710
215 1211
735 658
217 976
763 42
66 470
1395 1078
1471 832
1305 336
402 386
47 366
940 86
516 1251
531 360
445 1302
385 1386
643 1157
78 1050
825 1007
781 703
276 106
667 849
756 979
383 1154
43 793
1160 1283
1354 373
272 941
248 1211
648 845
1158 1518
743 970
714 1205
448 113
603 1501
54 120
1058 345
110 1183
1018 655
1296 74
1444 1060
867 245
1061 884
930 890
332 244
373 669
254 615
43 270
839 57
242 824
244 547
686 893
435 168
336 1462
1116 1350
294 992
497 1287
399 29
1258 198
981 69
202 1287
1159 379
721 762
1109 321
1050 153
1335 238
934 920
788 238
440 708
143 524
415 1231
276 1455
1101 866
1178 49
1001 1094
157 804
797 712
556 83
1487 1529
439 1069
1036 1197
459 1450
338 663
824 558
588 384
376 48
17 863
7 570
993 1341
988 1345
981 549
229 1470
329 777
1290 1103
513 824
557 1284
1089 637
279 1328
1320 755
788 474
901 1235
850 521
1481 881
1543 1074
33 246
1308 865
960 230
910 227
887 940
554 316
215 373
71 533
945 747
454 489
364 611
405 17
123 1362
835 787
797 1011
548 255
22 900
242 697
712 1107
1475 278
512 878
835 1057
1450 217
339 6
1528 1329
1159 512
133 1391
1309 586
1532 1487
252 159
1492 153
502 864
1532 1011
187 641
1090 1427
330 784
191 868
241 1145
887 1217
1496 426
1524 732
923 970
660 596
715 1384
1145 1064
773 395
394 1129
967 460
864 1107
347 970
877 988
52 167
819 1158
190 35
883 1263
966 1202
844 107
699 911
846 1527
1416 306
1182 1493
940 1041
656 214
38 372
716 737
566 1297
740 1200
808 1307
1029 755
1234 158
1038 1201
285 1032
985 1059
1531 1385
1492 1050
1054 1544
172 204
50 1024
155 735
1160 685
1048 956
133 487
185 596
837 881
31 1144
1028 249
147 451
869 223
119 120
1061 1433
237 505
1172 840
1496 196
192 1028
105 1109
454 1347
295 1341
655 1349
1022 337
1159 878
600 22
134 666
605 736
984 53
1343 727
942 1060
203 269
1234 1142
775 661
660 1041
38 1334
1214 863
358 417
526 668
985 997
862 183
934 1503
302 468
833 445
1000 1208
298 357
1290 540
1516 515
220 1404
1384 1169
1036 194
1356 493
1409 264
838 1215
1173 833
925 782
232 1248
518 416
1273 884
447 1498
1161 31
1255 1057
1120 166
358 146
244 1441
326 1359
1492 476
1101 1394
254 815
396 168
178 1039
1129 1040
989 27
982 531
791 616
414 1074
698 1024
483 1093
1338 1114
1261 1503
1506 1066
1195 1453
413 963
97 567
963 400
383 145
1286 668
245 1311
304 97
574 64
1122 2
4 1040
588 1088
1105 1457
563 918
1356 1207
1470 677
851 239
301 1186
703 1368
958 426
604 530
1531 1041
1189 560
1161 45
1227 1134
1526 853
219 633
160 455
1383 488
962 583
1443 831
1483 424
406 744
1024 224
877 438
648 118
848 461
1509 733
1432 758
890 338
119 1013
1543 352
144 1251
137 490
175 44
89 518
1174 1076
1044 1376
1098 788
897 1050
763 1055
561 1376
78 101
455 587
96 1507
1392 387
740 139
1337 827
1041 1292
158 83
643 575
568 1252
134 1212
141 504
545 555
147 1538
218 1032
1270 400
1123 671
933 1094
629 789
1440 1205
576 904
1532 423
1448 798
181 1106
427 1107
409 1106
1515 1357
983 669
1426 1368
1250 619
1411 884
89 416
1277 654
1052 543
1298 1214
1469 785
205 1200
1452 623
1219 1399
439 1271
463 1260
152 62
61 1269
1424 723
28 1412
1367 1308
659 731
1230 1303
1070 469
93 1094
906 1381
1407 792
742 190
473 704
84 458
812 285
613 791
1415 649
112 995
1508 667
1279 841
87 681
6 476
87 1421
34 487
454 1199
1449 1052
233 1456
714 694
341 1479
495 1182
877 476
1160 1216
1073 492
362 807
902 898
27 549
1287 206
781 882
144 406
466 811
581 816
849 470
1323 402
274 807
628 1084
194 318
662 1062
1062 824
97 17
301 723
844 1410
349 424
462 373
1006 1267
1069 1271
907 1460
1385 1113
291 859
346 474
497 93
629 206
586 649
1423 1271
397 229
703 573
488 457
876 820
1268 993
628 1327
1529 321
198 1032
1208 1240
1421 681
914 526
1060 168
1462 745
290 1278
583 533
1156 897
1298 483
1010 1166
229 1509
897 430
1512 48
128 346
354 1387
151 204
637 297
27 1313
1401 1079
1402 753
1303 1104
1431 168
127 1414
234 243
120 917
1104 1523
809 1302
568 594
869 1008
1348 1240
1531 1113
1193 671
806 980
50 538
588 126
1058 251
822 744
381 1239
1325 1100
778 1202
1150 1111
667 674
1070 759
445 258
11 1504
1427 1016
1456 879
1314 868
267 292
1478 562
1179 1019
379 396
1198 926
1467 756
856 482
909 138
1166 1063
810 682
1467 702
670 975
1348 881
670 505
90 796
1304 378
23 243
92 1265
902 174
573 316
172 753
846 1054
1108 1345
1142 158
906 680
644 1455
1096 503
164 1386
137 972
1120 877
1518 272
620 1328
1238 721
894 659
1420 1342
201 732
388 815
1343 1470
585 1494
1296 351
24 1240
185 1288
467 209
367 620
1518 1031
582 98
211 976
844 44
836 329
207 948
1293 410
378 437
656 1328
1339 1358
337 431
585 98
905 1473
1447 1426
455 721
231 570
181 1518
658 102
116 1399
701 315
241 433
26 1547
33 786
390 1362
1304 788
75 845
1454 30
429 296
224 635
323 1498
1159 396
832 1081
588 377
430 1380
1539 1148
1008 1346
1033 1221
334 1514
602 1447
1447 1342
378 788
173 437
1 1425
1427 696
1255 542
1038 1281
497 402
56 1292
1473 361
628 855
1112 976
1326 26
1265 1517
1269 1004
991 640
1153 1207
1024 1115
304 364
252 1083
812 387
471 799
534 505
1227 184
1257 1090
1534 589
1216 663
1356 1473
779 758
219 24
140 348
170 380
493 974
221 130
1382 1441
1314 1228
963 1051
1486 759
862 165
502 425
1031 272
237 753
373 25
1467 1058
1116 94
1487 1322
722 1202
338 542
1386 1365
410 880
69 370
1002 1130
71 1115
331 307
1119 837
1409 1417
1326 561
127 193
870 1183
1467 431
761 370
1516 575
225 1385
1156 57
636 1249
173 929
1132 1506
1005 1054
1235 665
195 827
160 1232
140 1265
218 987
389 943
1203 666
91 831
1104 532
711 1180
91 1012
1293 880
1124 59
528 190
179 951
821 1415
705 377
1326 1141
1208 654
490 1099
1064 169
33 1316
1466 771
583 1115
492 1426
197 1083
952 774
3 53
1220 1191
404 1544
3 527
293 1166
33 1255
1103 885
455 1233
877 798
789 206
705 588
708 1329
998 129
1318 382
676 1104
1468 165
12 29
225 1292
862 1021
1279 1236
1193 1033
536 1457
209 399
7 356
1056 1037
383 434
1063 1145
233 1295
1127 1431
1070 374
506 726
578 313
1229 1278
260 228
376 5
598 307
707 64
643 889
1195 94
720 1455
778 1213
801 1265
1499 1146
873 1450
497 1314
469 437
8 1547
526 1171
70 169
1540 1136
854 414
412 1003
358 151
949 1207
1055 789
1074 704
595 352
66 787
888 123
1408 1130
309 1329
4 1487
522 302
583 224
234 468
1277 385
737 481
198 1182
1092 783
38 1469
842 35
350 1150
277 1162
156 1244
1280 280
644 191
477 744
1100 825
299 823
804 792
882 956
1095 547
854 1371
1372 1498
164 988
1 1239
455 361
111 270
798 14
1423 895
853 177
350 1092
1054 239
1220 1184
353 1324
1195 98
652 466
1013 1327
223 768
19 1216
404 1317
1445 50
1466 112
1464 1002
65 51
1264 649
1121 688
771 824
805 1265
875 319
1010 1041
1522 345
1499 769
275 754
41 1233
1316 246
364 661
416 1055
907 1110
1369 378
546 704
336 1524
1514 148
803 250
319 1099
978 641
1071 1527
1025 1389
492 1368
819 1358
1163 432
369 558
1396 1020
1532 1534
706 1023
844 382
478 658
130 626
545 959
1104 1479
771 1016
1156 877
215 572
84 1240
293 70
1 1163
403 634
55 527
645 176
1228 289
309 296
853 1237
735 680
1526 865
694 35
334 968
1195 1494
1264 482
853 37
405 475
77 1354
447 161
758 1322
1138 1030
482 932
1225 787
653 1170
1090 1105
347 1048
829 1393
372 538
200 1256
1392 1103
591 177
937 763
579 871
62 741
24 458
52 265
190 422
870 193
1432 821
607 651
87 58
1375 1377
973 877
673 1128
697 513
1298 5
216 760
1438 1368
20 1206
90 1352
124 17
245 807
105 394
347 230
247 1074
960 739
1138 909
966 1475
899 798
463 552
640 1012
209 627
714 842
701 662
186 154
15 1444
1143 979
927 373
1328 442
577 892
496 877
793 615
512 168
1089 560
200 638
1305 144
858 654
1259 571
1204 1256
1018 960
1383 307
1125 1440
550 174
372 1469
774 544
896 231
233 786
1364 525
1440 490
1468 608
299 461
135 883
617 517
1005 433
303 1379
479 1172
403 1322
1045 1548
283 458
386 1281
810 378
1032 387
599 1502
107 44
1165 1241
879 1216
1166 1113
752 120
550 872
902 49
744 199
1258 495
1453 122
146 204
483 5
1254 1114
1033 1061
162 75
716 931
937 66
71 583
155 729
104 25
1436 352
968 148
1188 692
776 101
1065 1001
436 386
938 1017
280 31
1461 1399
1480 473
800 1403
1038 419
1178 93
37 177
559 599
1192 86
698 372
92 1048
110 1110
1200 139
221 626
912 1233
1124 512
1440 566
22 60
258 32
1511 1009
748 195
1237 1299
563 1177
1040 1322
329 586
1532 758
699 1233
1363 1385
1 381
1506 1449
1187 29
1431 672
411 1260
791 1195
491 234
1319 840
97 967
873 414
689 562
642 1523
758 423
746 1424
525 565
1520 1130
261 1359
979 1107
294 828
398 935
1520 1002
999 1014
435 942
926 529
155 680
20 348
963 492
472 1260
755 411
330 541
485 1421
1112 1312
233 710
851 1111
1489 507
605 689
336 732
349 1483
982 428
290 589
303 1165
372 1334
1280 33
876 1084
857 859
675 1260
1405 86
451 380
1070 980
416 1031
242 1016
834 650
346 505
607 1328
181 941
1445 51
620 321
889 139
1304 437
27 564
229 677
109 1492
1532 36
826 104
341 826
708 738
1016 696
676 386
993 314
1423 974
930 32
706 1083
952 931
290 1229
1165 424
179 285
131 1023
735 1164
1043 1088
67 1244
1083 1324
16 1189
208 1049
781 686
177 607
969 30
1412 859
49 1430
778 1272
1164 1285
675 957
1480 1112
266 1094
110 870
293 169
1482 1120
580 1118
234 302
162 1116
466 738
154 884
1266 451
1466 696
1335 103
1497 872
1198 1209
1200 256
847 762
1137 250
810 387
1448 1345
397 677
268 376
1230 1354
318 1107
963 820
38 1139
822 537
1376 614
37 264
528 399
1343 1242
126 142
497 644
631 1342
1330 1530
534 1098
398 828
1055 629
555 46
551 1389
1501 203
1503 325
1350 1502
903 1456
1176 663
801 348
1321 23
61 1274
561 924
494 81
1198 529
21 1344
349 1203
1017 523
1284 787
65 392
619 1389
422 29
1042 1441
38 785
946 1302
1433 884
132 643
1003 634
1488 956
424 1212
133 802
700 1187
1108 1448
443 1337
1029 552
580 277
126 1351
853 687
299 600
472 340
533 207
112 1457
1249 1211
1242 519
241 1099
793 279
435 213
132 515
713 1306
1137 667
226 1368
1155 243
1123 363
137 1336
318 1278
1526 813
1451 1055
985 130
943 559
263 461
1445 514
1008 444
1520 560
332 443
1123 1347
240 1009
869 1530
1015 281
311 1028
713 1272
1508 674
87 114
1506 732
1090 159
440 913
413 820
208 97
1515 671
988 335
871 1004
1169 1215
756 1143
1484 649
1190 612
631 1419
1067 977
940 517
1249 183
1026 431
633 1208
49 1094
1433 1162
1293 352
1471 55
1200 889
816 243
405 364
631 492
996 1079
1398 421
867 745
136 860
652 8
159 995
645 734
862 844
1035 898
382 44
379 1463
855 820
405 635
1144 560
676 1370
160 1233
1347 150
960 655
612 704
919 161
479 840
506 1224
664 1346
770 78
1260 340
1296 634
502 1036
1202 842
867 1248
791 1494
386 1523
800 1490
1195 616
1335 434
768 1215
413 1327
285 1542
132 1081
1060 672
1258 145
740 576
752 60
989 400
993 1133
1297 722
1458 1077
421 629
806 269
278 1301
752 54
747 1353
1173 445
835 946
1370 1201
996 1313
513 207
553 1441
752 917
608 1262
1060 1431
757 398
1541 449
271 1343
413 1420
471 1496
618 568
1228 85
1404 1441
1488 1265
1049 1066
1458 1114
1076 481
1268 32
1070 929
300 1522
681 623
115 923
1267 611
223 1008
1506 1214
826 549
471 212
48 46
986 888
1520 45
1152 361
911 1502
1132 232
971 1380
1103 647
1045 383
1179 1396
658 570
1513 1382
88 1431
1010 1063
394 235
1024 635
571 611
21 766
117 316
53 1390
365 1014
309 281
571 661
438 798
584 500
983 175
996 1267
1130 1020
472 1239
214 591
1002 1020
403 758
847 990
926 391
1477 64
275 665
1103 1369
1443 1173
177 687
572 1249
747 1439
205 256
274 334
1062 558
612 1436
15 80
1372 710
1150 1317
940 1010
1392 1369
773 1407
112 344
1467 337
1514 355
578 1162
584 1204
1436 247
1330 884
760 785
750 727
429 896
329 856
421 1055
1269 169
564 549
1318 506
847 411
1429 1250
854 753
1315 701
793 442
368 595
1463 1117
1086 1128
969 551
77 1001
1150 239
1121 1019
1154 434
1201 1281
1432 779
19 685
377 1030
775 1090
865 480
1510 286
1007 575
356 896
1350 94
1497 1173
0 393
1447 316
97 477
1308 693
385 654
582 585
709 608
1142 923
18 635
197 1479
395 792
526 666
1063 1405
638 277
210 580
621 1504
1351 891
1019 192
500 1256
305 360
1266 525
416 333
420 909
551 1250
511 891
300 523
959 1512
999 196
1432 850
1399 734
795 548
1047 759
31 45
1544 769
362 1439
947 1385
384 142
1287 93
1430 174
112 536
903 997
350 187
735 1285
645 333
514 50
1319 750
776 61
1047 374
173 1304
1198 672
179 55
851 1099
945 1439
814 1545
585 866
1445 396
21 381
92 805
854 217
1198 80
818 706
1031 678
843 2
1261 10
1135 596
1503 390
1456 997
1046 521
1151 1252
1232 294
388 1131
1366 874
928 650
203 980
259 318
1536 192
137 1541
632 106
1258 1182
508 393
790 721
260 212
315 1212
1014 196
1225 1284
1498 733
98 1494
334 123
1135 517
166 916
262 1256
259 1107
1103 387
610 376
660 617
1546 1544
873 854
21 340
1098 1335
664 884
796 1077
234 816
304 886
902 407
1443 872
1529 1340
87 1246
114 58
875 86
921 1459
63 393
1018 739
1381 1285
1533 189
136 785
1416 488
1442 335
1120 916
697 948
692 291
211 1360
1492 166
740 371
711 1464
16 515
1375 1361
304 567
1411 1330
1465 37
328 154
896 1310
619 171
803 317
1254 563
557 1446
1395 1047
529 672
689 1097
1334 863
907 110
555 1512
186 1538
344 99
1488 1048
648 1307
115 1048
1099 972
660 1292
1474 882
1469 538
158 944
659 828
965 961
655 113
906 1507
1228 419
1174 774
1219 333
466 102
178 1191
888 817
1089 297
1039 308
1305 201
239 1544
320 1316
619 151
1024 182
161 323
1011 1107
59 512
420 449
418 837
1151 28
277 30
973 476
981 826
986 227
1446 1057
117 1447
695 1495
389 486
1063 1192
1525 687
683 1446
365 399
366 592
1274 1064
1303 104
1268 1027
743 586
1008 597
484 748
1222 662
918 236
202 629
578 1061
1467 251
1383 715
1375 236
1088 377
1181 1239
1461 1055
420 86
95 1546
1238 1232
931 544
1367 693
507 525
1277 1123
439 974
835 683
205 480
300 425
1372 1144
1102 1495
763 250
90 985
1150 851
1478 878
1287 991
347 739
78 1071
520 1446
453 1180
751 44
367 452
1011 1278
929 1025
613 699
541 965
1027 1176
388 371
1416 307
298 1312
1075 1408
1135 660
766 1344
1315 1222
707 1239
191 857
926 1209
31 710
987 387
806 1369
882 348
367 1245
856 777
1414 1399
622 932
1337 195
1145 1253
473 76
957 1181
1460 717
1006 1313
1376 827
411 1271
519 1247
823 1291
446 118
137 657
1056 1080
594 601
469 1167
202 421
239 433
944 257
474 505
483 48
1497 550
650 1002
586 257
1108 1365
20 1474
109 6
1181 895
731 799
888 227
306 645
1082 482
648 222
683 787
1015 646
1226 1002
349 1171
1078 262
1361 590
13 1359
158 1275
960 1349
365 1085
795 377
1273 730
1311 1439
698 863
205 1417
527 1542
872 1430
1529 279
283 931
710 786
690 1211
621 1039
76 1312
962 948
1209 391
327 1532
809 953
819 1518
701 1212
1056 647
447 1247
899 14
599 911
1227 1160
718 1022
179 1542
743 1491
283 544
761 1023
852 44
624 809
1111 1099
503 83
478 466
949 912
1371 352
689 1478
1524 745
770 101
61 169
1315 662
298 1170
1452 100
1468 709
776 1269
1 1485
1304 619
1515 1193
921 1117
1332 666
58 1421
1224 44
614 827
1260 552
1338 1254
103 1154
716 458
131 706
1072 409
471 999
1156 430
1208 24
535 975
617 1041
489 1221
566 764
1422 880
554 1447
656 1417
20 801
1031 176
1435 1343
189 1019
1429 551
808 719
418 30
1147 508
856 932
435 512
415 900
818 571
1150 936
1518 941
1142 1437
347 956
1539 146
153 101
1402 976
510 1296
624 684
1510 1328
301 1157
713 959
142 792
656 1545
1391 922
520 246
1001 1354
445 946
222 118
353 995
1138 377
479 194
780 622
854 410
327 821
1377 794
1011 36
173 619
109 101
154 1538
439 593
1341 1133
1486 343
1419 492
1005 1253
389 253
1319 2
670 1154
606 325
983 922
1242 1470
148 46
801 1206
285 569
860 65
236 726
141 837
771 1062
514 1469
21 484
1382 913
875 241
784 965
753 151
497 720
1287 720
954 1312
1489 565
1075 249
90 184
329 743
775 1257
178 621
514 51
960 1168
1105 995
593 493
1208 363
342 798
545 910
688 1533
154 500
47 542
277 1118
1416 444
507 451
288 895
1367 256
981 1006
1165 1379
309 503
436 1281
271 727
968 1194
304 782
1321 1233
2 840
526 1332
701 594
189 565
1248 745
215 104
1054 1071
985 229
213 512
331 768
1538 1418
55 1542
1153 911
1222 558
90 903
266 93
317 250
648 943
1306 391
467 1014
1540 1183
39 687
473 1312
532 1324
1230 1104
1156 496
905 1069
1305 1066
133 34
492 226
450 1058
593 974
165 1262
1489 189
1054 1527
339 101
1196 1155
908 634
215 669
936 1146
303 1171
264 1417
502 194
887 420
16 62
706 159
504 1162
1313 1079
1207 1473
966 978
225 1041
483 268
1510 1525
581 1233
244 1404
1093 760
511 1205
499 666
678 333
1241 14
116 763
46 679
1513 708
819 409
823 1327
405 567
1325 161
864 318
550 1430
676 1201
770 61
690 549
1268 930
1366 736
1325 825
375 419
765 1218
295 685
1451 763
937 946
350 1111
164 335
1119 737
1196 456
197 532
114 1246
1169 322
362 10
82 870
854 1543
1297 764
655 408
457 1031
87 767
818 661
353 532
79 1455
804 228
155 1085
1186 723
1524 1248
1419 963
618 344
977 297
603 1486
284 229
925 304
1084 1263
1029 614
633 1000
1436 704
707 574
154 1346
1056 1103
1105 1427
1067 453
954 76
1350 911
1398 1287
915 1212
1311 1517
187 566
123 920
628 1013
946 787
1071 1253
485 1226
237 171
186 1414
1526 265
966 722
403 1003
85 859
1124 213
147 1418
1398 720
433 1145
1487 1109
892 1212
1032 784
1416 331
1018 329
606 896
1082 932
1302 1057
1185 158
1510 620
1152 990
1305 1206
8 811
708 913
1096 1528
749 1408
566 1331
161 1144
618 99
326 76
108 818
61 1175
1412 85
0 369
446 222
1097 668
1526 432
230 882
586 482
1196 1394
471 121
1295 1456
225 947
1073 226
860 1469
1091 27
1100 1007
1393 420
1391 802
484 1344
235 1126
1320 411
1090 995
1451 1399
237 151
1367 3
367 235
905 361
459 473
1321 609
862 636
253 1153
375 289
918 1458
1141 924
963 1420
808 495
650 1226
293 428
908 1042
405 125
151 171
1442 385
1471 53
928 1020
950 281
1477 167
135 1091
1307 222
644 1314
1240 363
940 1405
1156 1380
1048 970
1088 456
155 196
100 451
1485 1239
909 449
1485 432
40 525
55 81
1091 876
1410 725
78 1527
1065 642
925 1079
0 207
899 11
88 65
127 1110
602 1342
300 1058
799 468
757 1547
320 1255
1400 787
219 544
375 1281
1450 1112
1083 159
301 1424
342 1380
1395 1118
9 1384
449 138
1432 521
676 353
1282 1240
1222 369
210 374
424 308
634 1322
810 788
62 515
605 526
50 1115
751 636
200 1078
719 1548
762 614
904 1417
1363 544
752 236
218 72
1355 1202
510 351
124 182
1356 1153
499 1222
1182 784
1274 1145
68 959
1174 947
624 338
305 339
254 814
233 1372
1449 863
286 766
717 1183
1039 1504
577 1212
546 473
271 750
344 501
1481 1240
973 1442
1546 769
1506 543
1434 825
365 96
510 1185
810 238
914 689
284 1470
1076 880
137 1393
506 1134
1259 611
491 243
1273 584
914 668
692 859
1181 288
822 199
1302 953
1247 1434
8 1472
1022 702
416 1461
194 1229
673 1042
1042 1382
1305 1251
331 223
691 257
9 1386
1487 321
1011 259
1157 371
919 152
95 59
1323 386
921 393
496 438
836 1018
944 923
407 1354
477 460
1372 323
1320 552
1259 364
963 27
1309 482
901 754
1543 1371
253 559
1417 1545
1469 65
541 707
1323 1523
519 1498
1232 790
862 883
1291 602
223 444
886 1267
887 86
1466 1016
260 12
1259 661
1037 494
1110 1414
275 261
703 316
989 1223
186 193
8 1495
1459 666
181 1158
943 253
1360 630
267 1213
64 961
505 1360
1225 1508
378 1167
1176 1216
1146 783
375 1314
598 768
1384 1386
34 1133
1429 358
832 81
1189 62
1110 1399
1367 1390
799 121
657 1541
1156 971
526 1087
894 468
90 1114
1012 206
1293 1371
1061 1162
213 783
1435 1424
1462 1311
924 614
666 1286
1127 65
1127 168
986 143
695 811
454 671
55 832
156 1527
962 18
1464 1180
114 1180
855 876
1343 1247
1086 1095
265 167
1392 810
1257 697
541 64
1156 916
728 377
405 182
581 992
1484 36
1233 609
1540 1418
511 1009
101 1004
637 1081
1388 1126
931 774
577 1222
34 1391
9 1365
740 904
338 1255
1440 1331
119 823
1358 1236
566 842
915 315
648 1548
713 1512
975 505
1230 25
412 351
1475 978
23 1394
521 257
1400 667
706 1267
125 18
1227 1283
77 1094
132 832
1137 1460
200 1118
563 765
1232 455
183 248
554 263
653 994
819 1072
579 305
1535 955
314 174
1067 114
1243 416
811 1495
1189 637
1540 507
3 1542
894 731
819 129
82 1136
813 264
539 222
263 1349
1050 916
368 225
610 148
1178 640
448 163
282 597
1449 97
303 1380
583 948
330 1182
637 515
13 1505
155 426
1151 601
865 264
1257 625
503 556
652 708
235 321
712 979
1429 418
37 591
566 714
1024 538
926 324
467 365
231 102
1230 642
702 1082
1485 574
105 4
730 1433
1039 11
1091 248
186 82
212 12
1170 1333
1276 654
499 393
698 182
1419 1420
1288 596
628 1263
1412 291
1014 1085
605 1366
491 639
38 760
1467 864
1487 423
1119 1539
1378 727
719 495
1334 955
902 1094
489 1330
1044 26
996 886
1319 1172
464 1380
149 530
1489 1183
707 288
309 1096
1391 852
271 1053
843 1229
1499 783
1290 269
1000 531
1531 225
1445 379
3 1390
74 1382
1151 1184
295 34
742 1202
1282 881
258 809
0 508
397 1509
1254 130
691 521
478 695
1460 317
445 953
982 544
269 885
1102 828
583 207
601 315
303 1087
6 1442
1053 1470
1137 1533
354 42
1397 673
292 783
875 1192
335 385
231 296
855 413
1525 1299
1011 1534
1435 1247
59 562
240 449
1291 1327
1339 1108
261 255
888 1381
1422 481
836 743
1158 409
448 718
1093 180
40 1406
165 608
1457 696
648 559
369 207
958 731
1236 841
906 817
966 778
1343 519
1521 147
1355 190
1388 1397
1535 1139
56 596
590 794
507 1183
1440 1009
927 487
979 1082
566 1202
511 1511
1129 673
994 1170
1248 355
200 277
1451 1461
995 536
1533 1183
376 679
128 788
1520 1408
1454 277
414 1543
301 575
1102 659
260 157
166 1050
218 387
469 980
1280 246
1137 717
341 69
1070 203
1519 984
680 1285
1026 22
894 799
718 932
125 625
846 156
1101 1043
1049 744
1153 493
779 403
1453 94
1191 308
803 1460
1159 1463
598 322
1379 1241
1459 1286
874 465
1447 848
155 1014
1316 1446
1223 1210
866 1043
201 1066
497 1094
466 695
689 668
905 1356
1056 114
267 278
1459 1117
897 465
1069 411
821 257
715 998
306 176
518 941
1129 908
217 753
274 1362
849 250
273 1404
316 1368
628 1468
843 479
1408 45
1056 540
569 961
1515 363
1513 1528
134 1483
348 956
600 823
338 684
1005 1145
214 607
1468 1263
691 944
1521 1538
666 668
742 1355
1132 1214
1488 140
658 231
1135 1217
240 138
443 547
612 1292
112 1201
1413 122
342 1241
255 1288
711 977
752 1361
337 900
851 433
999 212
285 387
378 469
213 292
213 942
194 1172
1397 1129
1121 1508
124 863
1162 313
1395 200
873 459
1543 247
34 852
1459 393
197 1104
1241 1380
92 1142
306 734
404 239
293 1385
931 458
288 1239
165 590
448 1231
328 597
632 421
83 281
1525 286
829 1336
850 779
320 33
55 1037
805 1437
524 148
1387 206
1152 455
772 1523
643 73
731 426
541 539
52 569
676 436
1402 1360
1388 394
7 1285
1321 581
1010 1113
298 1112
1318 726
321 1328
372 863
1270 1210
28 1252
822 226
359 1245
652 440
34 1341
1220 915
237 1360
312 1211
1186 825
589 1529
1484 1415
1412 99
1244 562
1122 815
1402 630
145 719
678 176
116 250
114 453
535 1154
993 898
484 340
242 1257
324 672
1461 333
483 180
643 139
940 617
77 407
232 732
934 356
1483 666
67 1546
708 1528
82 1538
1102 695
361 587
123 968
1513 1096
280 786
877 1448
1141 721
1466 501
1317 1146
946 42
1356 593
106 941
75 559
259 1278
491 456
502 1467
1237 1425
342 971
821 1484
1366 465
1138 138
1228 859
616 94
1196 1088
505 211
375 1228
506 796
323 1144
949 587
934 7
110 193
115 1142
949 1233
170 147
328 1414
210 929
907 803
1210 1079
534 670
1516 62
1065 1323
799 639
254 2
589 1278
45 560
1149 98
299 1291
1226 1464
273 1441
749 1536
264 480
526 689
632 276
115 970
1413 76
187 764
1001 933
1134 1283
429 309
462 487
1499 1124
1021 183
836 739
814 815
248 549
936 783
1244 1546
1197 425
1234 83
349 303
887 517
162 1502
233 1509
1536 1396
1458 236
220 8
78 1175
867 355
712 649
796 726
514 65
464 303
930 684
47 879
751 175
1358 841
862 725
459 1074
929 374
1537 542
1471 527
1190 665
408 622
1128 1441
920 1285
1296 908
736 1087
896 570
3 693
1435 723
146 417
1058 425
952 481
636 725
898 174
1026 900
985 284
1539 1422
800 132
284 626
915 1191
983 1391
48 679
826 69
1001 642
1387 831
582 866
1087 1171
163 337
320 1057
1136 1418
136 760
903 879
379 1294
1296 1042
255 596
705 1030
102 296
62 1007
161 1498
1026 337
327 758
795 1043
584 277
347 836
1220 178
502 318
245 1439
1515 1123
899 1039
1532 589
54 590
1489 1533
157 228
658 1285
308 14
1135 185
1257 1427
475 17
292 1092
693 569
1042 1128
830 727
1377 1361
1510 651
1220 621
1279 11
1078 1256
861 1273
809 1255
1518 457
604 681
241 319
90 997
806 885
411 990
1045 535
111 793
463 484
1021 636
975 211
896 950
1516 1007
48 391
926 180
715 129
1479 370
877 57
1521 500
56 665
375 386
1162 30
919 1144
143 46
156 1366
918 765
0 63
328 1346
421 276
610 355
802 487
1415 586
625 661
1093 1139
1150 404
586 1491
492 1051
1385 544
576 388
1482 166
1189 741
1202 1272
68 498
346 237
179 647
1050 1527
856 408
1050 465
1270 1374
1416 176
1484 712
1417 591
830 371
1214 1334
1175 1071
1231 900
1201 995
1133 487
390 807
1314 386
490 1111
472 675
694 422
1478 1097
1041 1113
1049 406
358 204
1142 1275
356 325
928 1406
115 92
930 1176
466 708
800 73
870 1136
1339 1448
703 1474
1414 597
1467 1107
648 808
1052 863
1193 1061
233 1498
830 1343
270 1529
757 1472
809 32
927 802
883 183
607 39
1314 859
541 1307
1454 1162
757 935
504 30
1070 343
1274 1175
1045 653
838 1169
1487 758
1075 45
1357 363
47 1216
149 1406
1059 229
1361 54
464 897
219 531
123 1194
958 695
1436 595
770 1175
664 1330
182 635
454 1215
1505 76
1422 410
561 614
1277 150
137 449
108 706
383 535
507 565
1169 1347
683 1284
690 312
1535 1214
925 1374
1505 473
646 281
1503 807
1187 1407
108 1090
356 1503
1015 1142
327 1484
1067 1037
651 1328
746 371
1475 1213
888 1194
1279 409
730 277
873 217
252 1324
817 227
1427 1457
588 456
603 1080
1014 627
111 843
829 86
111 1229
482 649
1300 498
1369 1167
452 321
1318 794
90 1227
132 575
1507 680
372 1024
1261 606
141 418
218 287
1269 101
752 918
1179 565
1159 168
332 827
396 392
682 434
298 653
809 1057
91 1387
52 693
1395 580
1471 3
673 908
105 321
1378 1319
957 1239
416 678
1378 1131
502 450
1367 480
284 130
40 1396
297 1002
579 360
1036 425
367 359
1058 1218
1149 548
1264 979
1299 687
858 385
478 1034
263 316
324 529
830 1131
277 1433
270 1229
533 508
293 544
533 0
1198 15
1179 192
1318 724
1451 116
874 1050
1332 1171
875 1336
1418 451
1361 794
1127 396
134 1222
1522 1058
740 1157
1467 450
1140 1545
301 746
1524 232
172 151
336 201
1249 248
1119 1282
1363 293
977 1081
516 537
1228 344
248 564
1144 710
533 1147
515 1081
728 548
205 1409
1436 1292
782 1373
1350 699
263 893
91 206
252 995
441 378
1310 296
326 261
512 562
1186 575
807 1439
80 1306
964 596
508 1294
1032 287
887 1135
860 88
1358 11
143 910
959 498
384 126
938 1470
1258 719
290 270
1188 276
1317 1544
752 765
602 848
946 66
1067 494
90 1134
556 401
750 938
1296 1003
1271 974
294 935
295 1176
1173 946
830 1424
535 357
1369 885
364 625
1378 1122
332 1376
1077 726
497 1323
600 120
969 1429
1402 237
1393 449
161 1434
1044 1404
893 1349
752 1375
282 734
20 1251
1436 368
993 1035
1005 239
748 827
181 1188
804 121
125 364
901 665
738 296
267 942
1289 692
700 29
286 1299
135 183
1351 142
301 643
1169 385
1232 992
631 1447
119 1262
338 1176
1323 642
1177 345
1158 1106
548 1288
310 1539
945 646
1510 1245
1314 402
873 1074
1346 1530
21 1299
197 1324
295 852
1206 1251
304 1428
765 251
743 923
524 1194
350 936
570 1285
757 26
1471 1403
620 1245
728 795
1533 667
1513 74
1443 640
1544 1146
1074 473
418 146
523 1197
1374 1373
1415 257
638 1204
163 1022
1049 144
341 1104
839 877
692 857
446 895
1173 354
1297 1202
749 249
341 104
691 158
790 455
1298 1132
75 1502
1348 504
850 412
1378 2
928 1396
1102 398
41 699
1000 1276
326 1413
332 1044
727 1131
602 461
662 594
1270 1373
230 956
366 1537
824 369
1510 39
929 619
328 186
539 707
312 549
657 1009
1217 909
1400 66
1500 857
513 369
1117 1286
1336 319
945 1437
1244 689
888 920
1235 13
97 863
3 285
1533 717
354 831
300 1197
1044 1547
925 1210
489 1215
1465 1417
624 1255
633 24
253 599
751 107
568 601
1520 1089
1247 1186
886 611
980 1167
486 974
682 387
1015 83
546 1235
1487 1040
1336 972
93 991
1330 1221
1017 1197
690 826
894 302
209 29
822 1438
92 1437
1203 1171
441 469
813 37
805 747
509 1509
761 1083
886 1428
1438 226
1022 932
1391 175
1193 313
497 266
1202 35
489 223
1089 1002
270 1340
41 613
984 73
763 1387
1348 313
592 1537
305 1276
184 1216
126 1030
96 399
1173 831
299 448
906 939
1112 473
1367 205
1223 27
506 382
1449 1066
1358 1448
763 849
939 1285
1496 731
197 761
1383 457
1320 1260
1260 1271
1471 984
155 1034
1209 1306
1015 945
167 1485
697 207
1300 1272
1103 951
1304 346
23 816
523 626
897 916
1018 408
1452 380
346 171
912 699
384 792
1155 491
889 73
1519 256
199 226
311 1019
219 283
415 600
1190 546
545 143
801 1517
100 380
1250 358
929 469
528 29
688 1019
1445 71
170 1256
389 493
534 103
1501 343
228 792
1149 261
489 1530
1215 322
1177 1058
310 146
164 385
603 203
883 1468
216 188
1482 476
427 864
1045 719
1445 1115
567 17
546 1505
157 212
89 1055
154 861
55 494
265 865
1289 181
711 297
893 1168
775 108
1053 938
761 1479
230 1168
1467 427
765 60
1511 891
582 795
501 662
463 748
1068 689
503 281
275 255
359 1510
56 660
1270 1051
401 83
251 431
279 1340
110 1460
149 1266
833 550
634 1040
416 941
1080 540
926 188
666 1171
1319 727
33 1537
1421 604
1300 713
628 413
1458 726
1214 543
1179 525
188 324
1240 313
1026 765
1203 1483
88 324
267 1444
665 596
924 721
1481 1348
763 789
1460 1183
220 440
78 153
559 845
158 401
146 837
81 1081
105 235
576 1140
463 340
991 1012
260 1407
749 1075
774 947
781 230
1137 849
1033 884
309 950
954 1333
71 1147
364 567
1056 55
1280 786
489 869
299 415
310 172
182 863
58 1226
1519 1200
490 657
1416 1383
764 641
804 456
1159 1117
1091 564
694 773
1034 426
1146 769
220 1547
310 410
919 1325
70 1166
653 357
694 190
1139 760
553 1128
41 609
802 922
938 284
1289 1106
10 646
269 540
650 1020
1248 5
541 961
958 659
47 1295
987 434
248 312
1072 841
1246 1080
606 281
962 224
754 665
1268 314
1270 492
571 706
905 990
1313 549
1358 899
1018 777
499 1459
964 665
813 865
724 726
1477 569
341 1303
699 616
1442 476
154 664
969 580
763 354
553 547
156 1544
302 816
1261 325
1140 1417
791 1101
242 513
1499 213
808 1548
274 245
48 180
812 1103
1224 382
1148 837
40 928
28 1184
156 1054
79 1500
157 121
567 475
489 768
905 411
1039 14
408 777
803 116
1151 568
1352 1114
1271 1181
1301 1092
690 215
774 1385
543 863
276 720
553 1095
977 453
1487 589
592 786
1403 832
821 758
51 396
1223 1401
853 432
619 346
149 834
1331 1205
834 604
835 1302
1242 677
1178 1094
937 42
1364 565
930 809
1482 877
861 500
70 1063
1177 1218
1319 938
1447 1368
1347 671
636 572
1338 563
350 566
715 307
1439 1353
896 325
21 1237
485 834
620 452
1148 146
182 17
1466 1457
1070 1501
1238 294
833 258
1199 671
606 646
573 893
823 1013
230 739
198 287
1309 856
465 736
212 627
1073 1373
667 470
1449 543
497 1065
499 134
982 579
819 998
516 1368
55 647
800 984
838 1347
245 745
892 701
1370 1281
1503 920
1155 1394
203 540
1277 1347
342 14
21 1425
945 1142
186 127
580 30
440 1404
1377 724
922 669
1473 587
946 354
716 84
686 1168
233 592
156 874
1214 955
1169 1386
1472 1495
478 426
341 370
1195 122
428 544
88 672
1402 217
1480 1450
306 282
1025 619
1186 1007
930 1027
97 460
973 988
1251 537
334 1362
305 871
1536 249
160 581
828 992
1315 892
67 1544
1191 424
1452 149
1049 1449
756 1107
1519 1367
939 680
572 1211
541 1493
1244 1366
447 1434
478 102
1314 289
273 1382
1276 1442
1526 37
108 159
944 1275
1226 1180
113 461
1163 1237
1053 1343
1034 658
925 996
1026 60
936 1092
38 955
522 816
71 1294
1198 1444
949 911
877 1345
858 1442
578 1193
834 1406
1512 1306
703 686
639 468
1096 556
525 451
1290 1056
488 1031
326 13
441 437
472 957
1250 151
19 1176
700 422
1500 1188
628 709
214 1417
208 1449
275 964
1458 1352
1116 1170
135 248
111 43
729 365
683 557
1089 1189
1019 565
958 1102
221 523
52 865
265 432
178 308
1248 376
1346 597
1496 799
261 754
1388 1129
949 699
479 1229
120 1262
1450 976
921 1463
647 951
1193 1357
4 394
969 418
1261 646
1440 657
1497 833
144 1066
9 129
1046 158
132 1516
305 1442
1513 510
682 238
1103 285
1313 1401
156 1050
742 1272
1298 1139
987 682
582 1149
905 1152
304 611
130 1114
952 1076
994 845
1179 1364
724 236
694 842
1506 201
737 931
359 286
1116 1502
384 456
563 1458
924 762
714 773
1227 1216
1068 562
52 1477
728 1288
43 279
1143 1107
1303 25
70 1064
652 811
448 1022
878 1117
251 1218
652 220
1140 815
898 487
1276 858
875 1145
267 213
749 1020
1513 913
263 848
615 814
70 1145
1243 1461
1338 1458
528 422
131 1006
1448 899
327 36
1309 329
1461 1219
1307 1493
1137 317
985 1114
1121 311
1043 377
374 759
1240 1357
191 79
1164 680
439 1356
318 1229
511 395
156 67
1274 1253
1261 362
290 1529
618 501
1059 997
1444 672
755 847
9 715
262 380
978 722
866 1494
939 1381
273 440
766 1299
1411 664
1127 392
446 486
1196 1101
467 399
141 30
709 1013
494 1081
511 773
135 1084
868 859
1397 1086
85 99
539 446
741 560
930 624
1391 44
978 1301
1279 1504
89 632
711 453
919 1100
748 552
1155 456
54 1262
152 741
600 900
109 153
137 829
353 1201
641 1092
403 412
376 355
143 148
145 434
938 626
553 244
462 1354
1511 138
915 601
1258 72
193 1110
1471 1490
231 1310
162 994
522 992
1396 192
1329 296
1398 276
1366 689
568 662
936 1317
539 895
418 417
878 562
390 920
890 1176
1329 738
1184 601
681 767
263 655
381 1425
27 1401
1476 1197
644 720
1300 742
409 841
1485 64
258 953
497 933
782 967
1476 1017
443 827
385 150
756 1082
1129 634
984 1490
656 442
1243 333
343 759
1345 1386
141 881
112 501
1008 1530
149 451
1101 1088
336 745
1384 598
383 719
198 72
1236 11
1450 473
1035 487
359 1126
1252 99
128 1304
1345 1365
285 951
749 1130
797 1107
552 827
117 1368
447 519
1235 1359
68 910
15 1213
1095 1337
676 772
890 684
1500 692
1046 351
1486 623
1290 885
20 516
87 1080
172 146
405 18
1098 474
1125 566
902 77
718 780
1318 844
765 431
1174 595
839 1120
822 406
1465 591
1222 1062
763 66
1166 1385
973 335
1319 1476
860 324
366 1295
3 569
1222 63
1354 642
1355 35
1172 1197
851 241
757 8
400 1210
1185 351
407 898
1157 139
92 1488
268 48
779 412
1104 772
656 607
379 393
1232 581
1169 150
205 740
1506 232
875 829
1465 264
1339 129
1161 1075
1519 1390
1073 199
740 388
551 580
975 1154
1381 920
386 772
196 426
464 1087
712 36
751 1410
520 557
339 1004
1534 1278
1185 1046
681 530
1537 1255
1125 350
1393 86
267 1092
1056 1246
522 581
1538 500
1519 889
1311 745
448 780
1010 1405
384 804
613 609
1354 25
162 845
688 674
311 192
219 458
1486 681
242 1427
84 24
216 180
219 982
800 643
211 630
1233 587
903 184
1270 1073
757 1326
293 1269
297 1464
397 733
1512 391
260 1187
358 418
1199 1221
735 1034
163 1231
639 121
925 1428
852 685
610 679
472 381
1188 106
568 501
998 457
1161 280
208 744
729 680
145 987
219 1000
541 222
1491 257
1029 827
373 922
265 1485
590 1262
89 421
1122 388
1276 360
1068 1244
162 1170
1000 654
1311 1353
1165 308
253 493
1056 1067
22 917
582 548
603 767
907 1399
715 598
819 457
1320 1029
1413 1333
996 1428
1157 746
986 1194
659 992
95 1499
923 1491
577 134
49 872
-854 466 -408 -8800
151 200 -561 6086
158 -203 -114 -9754
