870 2162 3
0 -20 31
-27 6 22
-5 -11 -32
17 27 -16
-18 0 31
-30 -19 -1
-28 20 -10
19 28 -10
-20 6 28
27 -8 23
-12 10 -33
-27 -8 23
28 12 -20
-23 9 -27
-11 -32 6
-2 24 22
-11 32 -4
30 -17 -6
9 29 -19
-6 -19 31
33 -13 -3
12 -2 34
-19 -25 -12
7 -28 -15
-8 -33 5
-28 19 7
-7 -17 -28
-4 -3 -35
-17 -30 3
9 4 34
-31 -3 19
-23 -26 -1
-2 31 -17
-22 -21 -15
-2 -31 -10
17 30 -3
30 15 11
11 8 32
-6 -6 -34
8 18 -31
6 -32 -5
-31 6 -18
6 -19 31
-9 -9 -32
-19 -27 -7
27 -17 -13
35 -3 -9
18 -11 -27
6 32 6
7 -33 5
15 -28 -9
-8 4 34
-26 13 19
-26 20 10
-11 31 -11
36 5 2
10 -32 0
-34 4 11
-23 9 25
30 18 -8
-30 4 -20
11 18 -30
22 19 -22
27 4 -24
13 -22 26
10 -29 -12
8 -14 33
-20 -5 -29
-4 26 -25
-10 -6 -33
-19 -14 28
30 16 -13
20 -4 -29
18 6 -31
22 25 -13
-1 4 -36
-19 12 26
8 30 11
-5 -28 -16
22 23 -17
7 -30 -11
22 -25 12
-6 33 0
-24 24 5
20 26 -14
29 -11 19
6 26 19
-19 16 -27
15 -20 -22
33 12 -9
-26 10 21
32 -7 -14
32 -11 13
26 4 24
20 26 8
-11 -10 -31
-17 -7 -30
31 7 16
24 4 26
22 -7 28
33 0 15
-22 22 -18
25 0 -26
14 7 -33
-10 29 11
19 16 -27
2 7 34
30 17 7
14 29 9
13 13 -32
-29 -9 20
13 -31 6
-34 5 -12
10 9 -34
-17 -3 -31
-21 26 5
32 16 -4
17 -12 30
-19 -24 -14
-11 -1 34
-5 25 -26
-28 -15 18
8 2 -35
-29 1 21
34 -9 9
-15 18 -28
-16 13 27
0 -31 -10
-18 -28 -6
6 23 -28
-11 28 -19
-7 26 18
-32 16 0
11 32 -5
-34 -12 4
0 -18 -28
35 -7 -5
8 -26 -18
-23 -4 -27
-14 -5 33
-19 20 19
-6 31 8
12 -3 34
21 0 -29
17 3 31
-11 8 32
-13 -27 -14
9 -15 -29
-28 -3 -22
20 -10 29
-13 -14 -28
-25 0 -26
20 19 -24
29 -18 11
-4 21 25
26 -9 24
-31 8 -17
-20 -9 29
30 -17 10
10 27 16
-35 -3 -9
34 12 -3
8 0 35
-25 -16 -18
5 -21 30
-2 11 -35
25 15 -22
19 -27 -6
-1 28 -23
20 28 1
14 -24 -18
0 27 18
11 7 -34
31 0 19
-30 19 -3
-19 25 11
12 14 -32
11 -32 2
-24 -19 20
-14 29 -14
4 -3 -35
-34 1 -13
0 -14 34
32 1 -17
-36 0 5
-8 18 -31
2 18 -32
-7 -7 35
-35 0 10
9 10 -34
21 16 22
31 18 -1
-1 -29 -15
-33 -1 -15
26 -14 -18
16 20 -26
-13 31 -8
7 6 -35
-20 -13 -25
35 1 10
10 -26 -17
-9 25 19
16 -16 29
25 4 -26
27 18 12
33 10 -12
8 31 -15
33 -11 10
-32 -5 -16
25 -18 19
-19 -21 23
26 13 -22
0 33 -11
-1 32 7
-9 -19 30
8 -25 25
-14 -31 1
-33 7 12
-9 -10 34
-30 -7 -18
-11 23 -26
6 28 -22
19 25 12
-27 -16 -15
25 -19 -13
5 -32 13
0 -25 27
6 -31 16
-8 25 -25
21 1 29
-12 29 -16
-1 4 35
-9 28 -20
11 -29 17
-17 -13 -27
1 11 -35
30 11 15
-13 -21 27
23 25 -11
5 19 -31
-30 -17 11
-5 -30 -12
-23 21 13
27 9 21
-4 29 14
18 8 29
4 31 -17
-33 5 13
1 -27 -18
32 -5 17
24 23 9
35 0 -10
-11 -32 0
0 17 29
-16 -10 31
29 20 3
-20 -26 14
15 -26 -14
-10 13 30
31 -15 11
15 23 -24
-34 -8 10
-34 9 7
-27 -14 20
-2 -16 33
23 9 25
32 15 -7
-20 -1 30
34 -6 12
13 23 20
27 14 -20
8 1 -35
16 7 -32
33 0 -15
-28 15 14
0 -14 -31
34 -6 -10
-14 -19 -24
-9 -32 10
-8 6 -35
13 -18 -25
-36 2 -5
-18 -8 -29
22 -25 -6
22 -2 -28
-11 -29 17
16 11 -31
4 33 -10
-2 -6 36
-17 -29 -4
34 -8 -8
13 26 16
9 32 -11
27 22 -8
18 0 -31
21 19 19
9 -16 32
4 -29 -14
-2 -12 -32
29 20 -6
-6 -26 25
9 -11 -31
33 8 11
-28 -20 11
5 -9 -33
20 -15 -23
-35 5 -9
5 33 -9
-27 -19 -11
-28 -12 20
16 -23 23
36 1 5
1 30 13
15 3 32
-11 -31 12
11 -23 26
30 0 -20
0 -8 -34
-33 10 -11
16 -1 -32
-33 -12 -6
-36 4 1
11 -18 30
-10 32 -8
-19 28 2
-4 16 -33
18 24 -20
17 20 21
-26 0 -25
-35 -1 -10
-33 13 3
-18 -10 -28
25 -24 2
-32 -16 4
34 9 7
14 -7 33
-17 -27 16
34 3 12
-15 21 -26
36 -5 0
15 -6 -31
-1 0 -36
-30 18 -7
6 9 -35
-30 14 -15
10 32 3
-32 -11 -11
-21 11 -28
33 11 8
34 -11 -3
-2 -11 35
-23 -25 11
10 28 14
23 -25 -4
13 31 -8
4 31 10
-33 0 15
-19 -28 9
35 -1 10
9 -32 9
-6 -30 18
-7 1 35
-26 -1 25
-18 -24 20
32 2 -17
-13 17 26
-10 -28 -14
22 14 -26
31 13 11
22 -6 -27
4 -22 -24
-16 29 -11
1 29 -21
35 9 -3
23 -19 -16
-12 16 -31
-32 8 -15
19 -27 12
26 -14 21
30 -4 -19
-11 -26 -17
-17 -27 -10
-12 4 -34
-4 -32 -7
15 25 16
27 16 15
-32 11 -13
1 32 7
-31 -10 -14
-32 -16 0
-36 -3 -4
-20 20 18
26 -22 -5
29 18 8
-28 19 -12
32 9 -15
-14 0 33
-19 17 22
29 -20 -1
3 -29 21
22 -26 7
-24 13 -24
22 7 -28
-3 -20 31
-8 -29 -13
12 -3 -33
21 -20 22
-29 19 4
-31 12 12
4 3 35
-26 10 -24
-14 -16 30
25 22 -14
-31 0 -19
4 -20 -26
2 33 3
5 29 14
25 -22 14
-12 25 -23
19 -8 30
6 -8 35
-35 -10 1
4 15 30
35 8 -6
-36 -5 3
-25 -19 -14
-9 -23 27
13 27 -20
1 -10 -33
-11 -27 21
34 8 -10
3 -16 33
-18 28 -11
5 13 31
-33 -11 -8
-11 -31 -5
35 8 4
34 -11 5
-20 -18 -21
-11 -6 34
14 0 33
24 -23 -7
-25 -23 -6
-6 -15 33
-12 28 12
-17 -22 -19
-25 17 -20
-18 7 -31
-9 19 -30
-31 -13 -11
-21 23 -18
14 -19 28
-19 -29 4
-34 11 1
7 -24 -21
-33 4 -15
-26 -23 8
6 6 34
-13 26 -21
35 4 8
-20 28 -4
19 -24 19
-15 -28 -10
-8 -30 17
-22 -27 1
18 22 18
-26 15 17
28 -18 -10
2 -4 -35
-35 -6 8
-4 30 12
-14 -15 -27
36 -4 -2
17 -15 -25
-26 19 -16
27 12 19
-9 2 -35
-21 -27 8
31 -17 -1
-6 31 -16
8 -32 11
-27 22 0
35 -9 3
-34 10 -7
29 -19 8
-20 0 -30
13 28 12
-31 15 -11
-15 -27 18
29 -20 1
-25 -9 -23
-21 25 -14
-10 24 20
-21 16 -25
-33 11 -10
-11 31 4
2 -33 10
-14 22 20
16 15 26
-36 -3 4
-16 7 -32
-21 -8 -27
-30 -10 18
20 -27 -4
-15 -29 13
2 14 -34
-33 -4 -14
2 4 -36
20 -28 0
-3 -19 -27
-6 -32 13
-6 32 5
31 11 13
26 11 -23
-16 -24 -17
16 26 -19
-6 -16 -29
7 30 -18
-8 19 26
18 16 24
-31 -15 -8
-19 26 9
-10 26 17
25 19 -18
4 -32 -6
-11 20 24
36 -2 5
-9 -13 -30
-11 25 18
-12 -30 14
3 -33 10
-16 23 -23
0 30 13
14 31 0
-6 -33 7
0 12 32
21 10 26
-24 3 -27
-34 -8 -9
32 1 17
-1 -27 24
29 -14 17
-24 -7 -25
-16 24 16
-28 -17 16
-34 11 -5
8 29 13
12 -30 14
-8 -14 33
-6 16 29
28 -10 21
11 -22 27
0 -33 -4
-1 17 29
-19 2 30
-11 32 -5
24 11 23
-25 24 -6
-26 4 24
29 6 20
-16 -16 29
-20 -28 0
-10 -26 23
22 27 -4
15 18 24
-8 -31 15
-3 31 10
11 -31 -4
-5 13 31
-9 32 2
-10 32 0
-35 -8 -4
20 -24 -12
23 -23 -9
-21 -15 26
-2 -2 36
-25 23 -10
12 -15 -28
-19 -27 13
-3 -30 19
6 -28 22
4 -15 -30
6 33 1
-18 13 -29
-32 -15 -4
12 3 -34
26 21 -14
31 -17 6
-6 -32 -6
20 27 5
-29 -17 -10
22 27 -2
29 15 -16
16 -23 -18
16 -6 32
-34 -11 7
-29 -13 -15
-13 31 1
-24 -25 6
-22 -12 -24
-23 -14 25
-35 8 3
16 -30 5
-20 -2 30
3 27 -24
18 26 -17
7 -8 -33
8 8 33
15 9 30
-30 8 17
-16 -28 15
23 22 -17
-27 -3 24
2 33 -11
13 -27 20
-36 5 -2
22 -14 -22
5 -30 -12
-30 -10 -16
16 29 -12
-20 22 15
-3 -33 9
26 0 25
34 -3 -12
2 -24 -22
-13 -7 33
22 12 24
-28 -10 21
10 11 31
36 6 -2
-16 -19 27
-11 -18 30
-29 6 -21
16 -27 17
25 17 17
-29 13 -18
-22 -23 17
18 26 11
-16 30 0
27 -8 -21
-13 -31 -2
20 4 29
-9 -26 -18
-12 0 -34
-21 -6 29
-32 14 -9
-32 15 -7
-5 29 -20
11 -31 12
-33 -14 -1
-18 -5 31
33 -11 -8
35 3 -9
32 7 14
-6 -9 35
9 -25 -19
-15 22 -25
18 1 31
17 -25 -14
7 27 17
24 2 -27
-13 -23 25
3 -4 36
-23 -9 27
-23 -15 -21
11 -22 -22
11 32 0
9 24 21
-5 -13 34
-15 -30 9
22 21 15
2 1 -36
31 -7 18
29 11 -19
17 -29 9
-24 12 22
19 27 7
4 24 22
-9 -24 -21
-25 -3 26
2 27 18
-18 -15 -25
-29 -20 -3
15 -30 8
-15 6 31
-14 -31 6
34 12 2
16 30 1
-7 -33 0
-6 33 -6
21 11 -28
31 -5 -17
35 -9 0
2 12 32
-28 -6 -21
16 30 -7
-8 12 31
-9 -32 -3
-1 -32 14
23 -8 27
-36 2 5
28 -21 4
12 -13 -29
15 11 29
-36 -5 -1
35 -8 -3
24 0 27
-10 -17 31
-26 -15 -18
-28 -8 -20
-29 10 17
-20 28 -1
-14 -14 31
11 -20 -24
26 -23 4
-17 29 3
27 -17 17
29 -14 -13
4 -27 24
27 -11 -19
28 20 -10
-17 28 -13
19 8 -30
15 -9 32
12 -11 33
-24 25 -2
9 -3 -34
-2 20 -31
-15 -11 -29
-10 2 34
-12 -30 -8
-32 12 9
-32 -13 11
1 -18 -28
33 9 -13
29 -12 -15
0 -31 18
-20 -27 11
30 2 20
-2 -29 -15
13 -6 -32
9 -27 22
19 -26 -9
18 -18 -22
23 -15 24
29 -5 21
12 30 -15
-8 -28 -15
-17 29 -8
20 -3 30
-3 -25 -21
36 4 3
-34 -4 12
-6 32 -13
3 -32 14
-2 14 -34
34 8 8
12 21 23
-32 3 -17
9 20 25
-15 25 -21
-9 28 14
-6 -31 -9
-22 26 -9
-29 -17 14
3 -11 35
-24 -23 14
-16 -24 22
-30 17 6
-1 -14 34
-21 -19 23
-20 21 -22
-23 3 27
20 -28 4
19 14 -28
31 15 -12
-5 23 23
-31 2 18
0 5 -36
23 26 1
18 10 28
20 -1 30
35 -7 6
-28 -21 -4
31 -10 16
33 -4 15
17 18 -27
12 30 8
-25 -1 26
33 4 14
-3 26 19
16 -30 0
36 -4 2
19 27 -13
-23 24 7
-23 18 17
8 31 8
18 -9 -28
6 21 25
6 -33 0
5 -24 27
-6 27 -23
26 23 3
-4 7 34
29 -18 -7
-30 -19 7
26 -23 0
16 -29 -4
6 9 33
27 -3 -23
-7 -21 -25
-9 -27 22
13 -30 -5
30 6 -20
-14 29 8
7 -14 -30
36 1 -6
9 15 29
24 -1 27
-2 29 -21
-21 7 -29
-15 18 24
22 -10 -25
10 24 -26
-33 -4 15
9 -4 35
17 29 -10
-8 32 -11
-12 7 32
-24 -22 -11
-15 -17 29
-3 33 3
-29 17 9
31 -8 -15
-15 26 14
36 0 -6
33 5 -15
-27 3 -24
-12 19 -29
28 20 6
22 -14 26
-5 24 -27
24 -20 18
-20 25 -16
-20 4 -30
1 20 -31
14 15 27
-24 2 -27
8 14 -33
-32 -11 14
16 24 -22
0 -1 36
30 -6 -18
-19 -18 -22
12 19 -29
20 -21 -17
-1 -4 -35
-13 8 -33
0 10 33
-2 33 -10
-36 -1 -5
-28 -7 22
-31 -17 -4
4 19 27
-9 10 -34
20 21 -22
18 -18 26
2 4 35
-26 23 0
8 33 -2
638 711
31 44
779 591
21 162
296 66
407 768
163 708
784 672
357 737
65 257
518 549
359 49
554 684
512 236
263 309
558 772
518 365
636 766
588 730
559 236
258 365
526 792
550 672
329 860
319 740
497 492
63 102
50 257
836 813
374 572
866 202
661 426
617 524
643 485
291 159
624 750
714 773
343 113
36 393
545 132
69 38
90 52
804 17
352 159
349 692
337 199
339 705
362 123
356 30
267 4
156 376
18 427
212 613
571 390
325 755
57 262
808 607
351 737
596 708
638 460
409 851
561 28
413 60
592 270
494 318
491 576
93 98
650 603
442 44
721 432
581 304
373 423
712 625
509 516
724 420
690 286
586 611
222 384
415 582
661 562
540 300
661 767
39 848
510 278
417 400
500 382
480 225
403 426
330 768
689 555
865 260
622 818
20 349
559 789
510 736
131 790
358 785
551 322
67 138
471 26
302 789
809 102
212 859
568 553
341 671
744 840
618 596
192 248
640 216
180 468
59 299
808 693
169 591
484 701
590 520
211 513
751 55
712 411
339 792
655 137
521 115
58 684
479 647
528 492
715 521
565 529
687 345
83 868
128 730
101 450
533 687
297 248
35 687
65 170
502 30
213 387
553 253
281 615
836 273
35 563
366 146
617 23
765 662
189 113
431 164
588 552
445 118
129 845
70 157
21 825
245 265
495 569
16 555
582 869
488 610
319 294
742 167
444 104
865 850
388 208
657 781
837 632
349 136
47 822
0 226
617 552
412 74
761 834
500 10
700 321
366 380
20 17
771 450
264 769
46 276
648 480
401 410
814 715
571 320
307 869
330 132
171 15
422 863
347 447
6 342
361 119
650 139
220 838
583 447
363 767
539 173
171 790
752 824
169 687
598 456
541 92
83 25
367 513
548 712
671 507
168 221
369 102
391 795
811 360
823 427
275 733
773 332
212 32
41 632
836 364
691 852
486 77
511 831
776 525
380 146
514 146
831 566
678 810
305 473
436 55
649 421
433 817
198 681
638 715
431 42
399 580
502 849
180 271
455 112
155 840
532 171
343 778
821 525
284 369
327 757
646 545
224 572
694 542
170 257
88 743
445 277
252 24
218 712
129 823
748 432
112 181
626 190
186 239
490 599
347 583
579 360
798 677
599 664
727 841
784 268
699 155
192 127
2 516
46 136
404 762
650 254
525 365
221 517
168 68
145 51
251 836
251 652
817 846
597 495
139 396
639 852
704 424
783 862
627 11
223 708
773 508
439 119
688 552
118 829
335 142
241 404
358 199
392 398
794 521
482 782
428 581
757 846
580 741
182 431
490 708
129 239
593 658
455 758
79 412
91 833
541 716
532 312
110 861
363 210
407 481
108 345
723 149
261 849
33 163
288 575
582 345
479 130
198 853
474 635
806 332
306 615
209 744
330 262
229 641
659 86
346 434
604 129
762 383
635 386
321 615
189 848
95 96
714 332
803 231
84 605
275 581
211 166
496 530
366 747
29 607
844 485
651 91
123 777
17 478
807 812
717 651
347 87
551 451
241 739
214 426
628 808
48 387
282 96
134 421
245 313
648 547
496 698
335 594
151 485
468 304
776 154
867 231
10 864
482 792
799 177
424 469
498 703
824 188
706 98
47 473
86 159
315 551
316 809
771 656
853 681
314 529
24 278
814 104
546 159
69 643
255 191
53 242
740 606
343 848
36 236
821 397
282 501
105 367
331 501
862 520
135 509
768 132
717 194
232 801
460 196
138 485
48 582
302 756
37 608
462 128
699 149
227 480
199 459
821 140
740 340
70 560
715 711
468 671
377 674
314 565
1 609
201 492
443 668
63 813
378 744
32 753
775 205
487 394
213 831
433 808
207 259
560 712
260 152
550 378
414 581
287 292
249 672
510 698
467 651
152 195
766 178
409 867
334 436
600 574
338 220
484 153
674 81
301 702
326 850
474 101
152 367
62 611
500 447
699 818
689 827
839 250
246 32
837 60
322 202
693 253
75 778
707 411
730 146
228 220
862 389
80 40
868 481
733 581
395 592
149 117
607 457
750 739
255 393
417 153
50 742
667 798
6 557
355 387
700 601
375 838
30 824
56 799
194 719
480 530
42 296
437 587
586 523
251 623
475 243
406 461
577 702
475 236
256 336
801 647
565 736
526 268
53 832
724 66
787 108
273 691
107 348
467 717
361 575
256 578
319 585
290 651
708 664
164 42
182 765
34 739
475 634
79 74
377 81
814 444
9 622
37 29
770 178
407 132
679 663
845 239
612 11
356 777
600 663
156 635
106 858
248 137
602 683
20 478
0 431
651 276
583 87
773 400
349 651
437 482
84 74
439 139
208 193
803 361
485 114
805 595
400 81
705 692
703 608
98 265
119 396
6 394
863 798
258 696
503 508
208 346
849 595
43 2
557 576
694 709
680 312
385 475
210 767
204 250
277 681
200 65
771 338
156 41
192 297
279 165
327 190
116 299
814 521
805 333
279 864
308 425
336 363
820 844
22 44
222 250
665 88
12 673
293 238
483 494
334 686
174 342
273 183
217 247
846 703
103 585
827 753
274 53
537 410
105 786
587 701
406 310
452 669
498 846
718 226
458 130
649 320
537 13
523 166
746 292
325 864
854 823
352 77
92 259
235 343
93 622
76 684
107 36
50 807
706 622
586 412
724 296
754 530
194 616
323 196
320 434
785 268
778 165
528 834
251 835
325 165
462 381
775 734
577 473
201 522
463 429
300 426
53 794
565 360
619 3
728 234
341 476
395 836
822 194
483 545
667 757
148 694
593 88
378 840
99 749
198 234
787 77
598 452
547 614
168 801
433 693
714 400
112 386
646 6
525 492
404 366
801 68
228 120
408 832
470 104
29 457
460 711
363 636
174 481
783 829
539 789
491 763
814 511
420 825
403 19
806 508
788 558
586 592
39 61
336 636
218 654
48 345
18 517
523 611
335 724
322 164
371 432
588 762
169 779
770 574
530 225
713 280
817 798
294 143
122 197
12 592
593 855
771 87
399 718
855 572
691 623
406 744
618 708
750 678
521 834
356 247
467 441
737 578
717 45
409 29
593 170
335 723
85 550
60 632
374 45
329 181
122 585
337 756
199 311
327 465
241 34
237 661
737 477
622 173
519 190
33 438
490 694
657 641
634 556
57 188
828 396
424 595
14 24
619 826
837 413
763 557
35 533
863 253
765 66
1 58
373 629
75 476
21 142
725 868
855 658
850 515
385 634
567 56
307 292
448 185
384 291
617 297
645 487
833 852
520 434
1 558
277 678
583 375
347 13
690 722
30 777
762 730
813 673
78 750
612 30
619 793
194 45
162 662
822 639
548 707
624 454
479 753
775 89
536 265
639 369
68 120
466 795
377 633
294 72
151 847
357 452
712 254
822 719
726 405
392 441
590 596
227 233
830 411
491 843
341 856
775 592
227 614
577 713
641 98
602 674
166 270
663 644
665 655
724 765
316 813
392 804
104 566
568 549
214 631
800 215
665 170
323 555
717 735
803 858
745 173
609 777
645 646
490 542
686 191
719 852
339 482
227 754
166 367
634 250
639 809
820 13
204 385
459 756
423 652
803 696
867 457
472 136
505 755
817 628
445 438
208 538
633 81
406 842
50 812
184 499
577 147
700 184
780 536
487 386
17 398
600 178
317 468
431 296
176 109
274 466
26 516
300 736
851 575
300 811
154 549
602 791
315 215
606 304
665 370
839 393
298 516
721 179
510 621
289 730
434 538
99 149
619 746
840 149
258 126
16 570
759 798
216 28
449 590
218 625
222 637
310 451
238 563
718 215
76 675
222 670
82 570
776 492
678 380
704 571
749 419
731 768
445 514
317 38
80 65
407 83
315 614
761 522
714 417
754 225
328 138
579 300
317 856
122 507
843 760
800 226
531 656
452 28
319 340
423 430
658 257
423 629
640 435
187 654
471 234
311 751
157 712
372 246
227 648
53 466
470 244
549 365
771 531
681 234
504 314
494 386
855 743
628 703
169 35
245 608
724 825
12 270
376 386
140 543
46 835
70 663
617 127
508 353
194 735
715 115
808 457
690 513
567 40
408 217
288 765
211 12
629 816
147 713
269 291
76 365
676 108
168 819
712 707
350 654
83 711
157 644
803 51
738 539
354 133
721 843
7 238
208 506
275 516
93 243
605 515
813 12
653 302
455 41
573 572
422 817
343 197
204 634
232 479
556 265
212 753
854 786
783 442
245 641
393 250
571 538
727 185
382 643
527 150
259 153
409 457
356 824
328 413
774 367
729 396
643 114
805 303
796 77
518 154
329 506
260 850
651 17
775 266
446 401
399 736
472 339
658 572
557 460
361 51
7 826
748 196
461 614
676 94
589 676
90 58
695 826
673 592
235 778
180 726
666 345
454 655
787 796
638 196
724 117
667 291
375 864
169 589
776 15
36 385
510 534
509 810
445 678
288 187
147 815
828 729
264 403
65 40
305 616
565 285
680 86
615 601
502 110
179 230
648 674
593 743
532 244
859 753
446 410
722 73
666 533
295 634
448 838
223 596
763 460
597 570
6 174
371 196
854 39
558 123
540 226
358 526
424 499
240 805
674 773
175 834
277 810
379 639
601 262
8 684
260 195
40 524
121 263
511 495
444 761
314 685
196 555
523 592
198 331
135 275
22 381
337 302
503 167
49 530
721 371
112 376
414 713
552 524
320 584
467 224
415 831
546 416
420 662
700 262
140 397
766 303
246 206
600 263
240 732
33 425
108 77
506 538
241 383
420 765
679 603
31 464
640 252
324 715
437 207
289 28
323 689
329 193
627 600
20 651
30 123
601 453
706 229
5 805
334 348
179 54
629 686
455 376
508 332
176 61
88 280
458 760
629 55
623 91
745 622
396 684
571 421
176 848
642 380
698 736
249 173
554 772
62 865
355 312
32 479
326 865
742 572
590 223
111 177
99 699
350 765
633 461
514 118
464 452
354 292
1 777
67 485
109 286
316 102
559 97
467 392
69 96
337 789
796 345
514 678
597 569
208 413
106 808
301 740
749 781
200 137
825 662
232 647
763 432
389 333
284 72
202 117
406 840
204 36
505 848
79 605
541 259
719 735
49 799
5 389
675 52
279 778
506 160
449 596
646 174
312 416
290 136
180 671
379 852
246 613
96 114
218 548
642 678
407 25
237 426
624 248
349 705
252 216
62 523
579 736
106 867
207 92
285 529
437 259
296 202
403 0
186 505
423 205
720 293
428 304
764 303
456 303
299 191
368 348
776 518
677 15
161 266
671 271
503 353
73 660
182 769
550 155
351 766
799 552
502 309
217 262
406 866
670 634
174 132
745 249
162 825
350 769
9 745
438 163
475 556
455 181
350 668
246 517
34 127
176 39
772 58
604 168
292 869
350 288
532 566
814 495
820 447
464 598
667 677
53 83
550 840
612 679
710 52
775 71
185 375
202 149
279 476
823 260
62 152
458 418
422 253
209 842
37 628
33 118
97 789
158 153
663 11
243 265
190 556
22 829
361 231
267 772
192 739
577 280
489 701
244 131
272 286
293 563
29 162
862 5
336 610
255 839
642 78
740 405
722 286
489 587
602 177
155 622
306 112
770 210
27 38
446 493
264 443
63 203
170 655
148 138
680 677
466 52
821 76
335 419
802 250
519 564
645 494
557 725
222 465
740 702
537 844
347 820
33 829
403 300
161 373
359 648
862 584
827 54
731 408
375 87
635 41
775 59
588 688
449 346
300 360
406 417
828 684
695 7
830 237
272 103
690 774
609 247
483 615
9 672
626 556
317 304
65 567
724 723
245 536
251 46
638 597
617 65
101 446
474 394
442 829
388 346
208 219
454 137
321 601
591 563
706 781
104 141
275 428
366 730
228 801
854 61
269 757
375 10
67 114
443 19
815 304
250 94
688 24
462 730
439 218
587 478
822 616
344 487
269 465
470 532
787 345
519 327
280 743
813 513
343 505
577 47
155 818
30 110
205 734
347 410
13 410
163 425
648 683
184 188
379 809
151 138
272 73
746 517
589 250
444 834
429 767
635 410
139 625
830 631
746 427
710 609
14 278
609 217
666 869
371 179
537 820
657 144
604 823
853 277
620 834
324 711
314 669
124 207
862 590
553 154
791 177
326 605
490 709
535 693
255 802
161 89
310 461
467 17
251 273
463 360
116 161
620 175
49 177
526 311
152 786
211 367
545 453
9 155
245 780
771 101
176 854
176 786
750 810
855 374
764 240
128 381
431 66
841 120
83 725
310 614
90 675
697 435
200 170
835 816
288 654
395 734
305 743
46 623
823 195
391 620
65 50
148 328
567 799
580 215
791 812
567 812
512 368
233 614
403 443
204 393
352 486
313 608
7 563
329 281
451 866
143 660
193 181
416 86
84 793
526 782
636 210
627 309
598 351
779 250
290 276
298 2
460 725
862 682
851 231
245 144
409 162
135 733
800 164
706 818
283 742
592 71
44 128
24 534
752 469
472 835
172 113
133 292
429 562
612 663
183 364
720 59
48 355
47 797
82 569
850 427
642 747
157 254
659 416
554 8
128 289
103 109
690 402
8 58
617 192
172 197
738 173
148 542
44 829
227 580
37 313
327 564
82 689
665 454
527 516
107 393
736 360
612 861
343 507
760 531
834 522
478 398
865 152
272 722
738 622
857 382
486 108
568 696
749 594
327 295
748 460
258 549
354 695
116 191
722 402
500 857
691 91
788 267
116 59
619 7
248 23
537 847
565 463
197 507
797 340
198 501
331 234
279 75
680 171
864 165
341 468
217 57
288 662
793 3
229 781
301 147
776 790
4 396
107 686
70 600
808 858
551 64
124 782
274 52
35 7
31 128
448 220
130 230
284 102
704 390
847 485
252 688
783 590
111 648
274 832
750 248
477 452
773 81
300 562
308 829
667 86
640 289
694 219
16 638
517 206
599 501
413 193
220 656
451 202
714 701
685 28
417 842
16 82
710 408
697 252
404 747
783 682
105 774
369 72
728 95
22 118
100 539
2 38
600 770
196 54
687 108
552 383
704 421
203 660
483 306
105 109
295 190
438 853
7 793
633 614
464 561
551 164
65 23
618 208
729 361
557 174
325 375
334 756
633 674
803 145
137 23
685 14
316 183
214 19
643 38
193 506
202 840
554 4
430 734
319 405
269 667
326 79
657 313
186 845
48 415
628 608
709 708
453 132
70 574
417 716
595 421
543 497
635 446
318 386
102 660
341 75
834 543
145 696
758 60
436 459
261 469
454 370
26 810
39 239
657 229
67 282
507 778
435 730
339 692
668 769
476 643
268 672
534 621
317 428
725 711
407 174
836 734
99 818
707 19
122 271
597 715
219 709
600 309
822 369
529 610
830 630
83 481
235 505
138 542
719 833
732 595
587 484
624 370
67 501
700 188
766 544
403 226
770 630
649 584
27 341
27 856
246 221
527 2
600 11
329 160
111 602
36 368
361 187
784 92
281 860
755 165
232 130
819 647
85 672
417 701
338 656
330 453
151 328
103 113
209 541
774 109
785 249
314 278
474 446
256 766
817 863
228 418
95 69
379 691
258 145
851 162
653 97
849 732
273 623
690 367
858 535
794 242
720 71
609 90
728 96
653 789
695 35
282 331
788 772
858 693
301 606
636 178
100 785
274 408
570 569
445 853
340 72
670 250
336 488
771 446
93 738
235 165
40 799
426 19
267 554
679 644
243 556
244 171
541 85
646 487
628 607
638 555
374 194
498 564
395 813
313 440
547 674
283 353
141 566
57 247
124 268
35 591
764 849
814 597
646 132
544 178
56 177
810 516
815 581
578 610
640 730
795 242
807 791
418 656
310 64
172 585
362 558
289 561
338 838
324 115
79 611
121 849
823 221
21 440
337 100
198 664
134 595
700 57
728 150
456 805
76 126
763 576
567 791
316 63
459 751
148 413
16 597
404 730
287 613
335 825
451 64
652 816
580 718
620 242
843 450
343 172
637 676
783 308
210 630
849 824
29 440
461 417
573 283
346 538
488 767
632 410
244 790
832 768
697 588
209 417
601 330
436 686
553 535
104 761
27 476
665 713
63 513
633 547
548 443
568 535
358 268
249 268
814 834
41 410
614 741
344 394
53 25
402 73
623 276
670 465
562 767
391 140
804 398
43 38
67 96
512 302
720 586
158 259
542 501
431 765
100 199
779 589
439 187
87 410
445 33
836 652
813 364
667 159
469 188
213 566
573 441
271 726
256 351
133 869
76 58
256 636
298 275
758 41
809 369
12 513
462 146
357 669
588 383
859 689
60 41
515 427
351 477
172 103
586 293
419 149
832 25
650 644
295 465
222 94
95 43
844 447
76 397
707 631
663 157
851 662
828 145
397 675
82 831
479 230
164 226
471 277
606 726
391 242
0 164
80 617
802 779
641 265
651 136
402 660
259 587
511 566
32 819
422 433
658 742
203 402
359 111
574 630
777 247
408 262
470 761
158 587
92 268
559 243
510 565
727 325
50 167
449 520
388 618
504 669
227 736
650 157
425 708
754 736
355 77
302 348
494 487
205 89
635 376
160 390
476 382
261 824
657 440
5 682
473 743
857 10
727 845
30 861
471 150
806 353
121 178
547 233
160 538
560 630
48 796
144 313
58 675
764 544
310 866
176 189
175 521
284 143
86 677
460 432
568 858
486 291
652 430
254 139
806 398
437 124
294 73
745 672
595 469
374 224
511 569
548 668
594 419
470 566
6 487
423 816
337 459
865 79
241 762
740 726
598 477
83 115
752 188
821 365
406 209
93 559
315 64
685 669
604 221
124 482
417 81
261 595
35 133
39 129
322 451
266 89
31 442
686 348
851 867
553 549
869 345
499 469
854 195
788 679
614 580
833 735
195 786
475 559
62 367
412 238
837 410
496 621
731 330
749 818
78 739
448 841
69 43
699 840
344 386
322 296
1 90
384 465
504 610
161 686
560 830
18 221
353 441
424 421
306 329
853 664
612 362
413 758
268 782
141 511
724 202
359 480
545 615
392 353
541 378
425 829
227 225
474 344
800 718
209 716
558 58
70 712
237 631
109 113
467 804
822 305
300 226
776 201
97 236
528 522
209 378
34 383
729 51
134 333
372 221
415 387
514 380
87 493
18 746
306 181
482 692
116 266
467 45
644 603
860 390
175 242
697 688
417 484
107 255
147 581
11 861
467 573
87 125
356 188
121 309
635 344
731 262
518 525
683 674
36 348
685 452
821 497
862 649
797 369
325 185
599 542
319 72
140 497
527 95
395 673
508 791
285 429
560 574
690 203
757 759
292 206
308 590
298 317
244 761
190 634
306 494
220 841
318 112
356 57
180 606
416 77
618 219
533 345
746 3
127 552
746 206
237 630
307 287
568 803
31 783
40 552
6 576
297 23
649 389
422 693
659 159
308 223
105 152
78 747
586 71
279 382
771 493
837 328
372 168
466 242
541 784
83 794
479 819
540 736
639 719
654 668
627 110
306 281
161 423
308 708
338 87
370 414
251 816
866 840
126 365
323 827
49 480
512 653
488 285
670 295
227 547
780 703
375 125
757 564
537 837
646 342
96 643
201 131
585 271
147 414
705 136
178 210
414 733
418 220
807 167
599 198
602 773
29 313
306 318
65 812
238 74
637 108
121 544
811 429
493 401
788 362
379 183
546 77
62 166
489 398
423 89
605 3
741 215
65 137
142 825
559 738
498 780
343 189
626 536
351 456
267 603
727 448
316 379
817 759
609 408
338 125
293 299
37 607
91 276
519 498
488 429
-68 -198 -327 -1373
-32 48 -210 -1426
70 -29 -72 -862
