1000 3
15 14 2
25 13 49
41 4 38
46 44 43
37 50 26
37 20 35
8 32 46
29 50 2
32 15 9
50 42 27
46 35 15
49 15 8
10 3 39
20 22 11
25 22 10
40 8 40
13 38 6
27 45 24
20 48 31
49 42 27
49 6 45
29 4 49
4 34 21
27 47 35
30 20 17
49 49 34
5 9 11
38 33 19
47 8 27
42 9 34
40 23 16
3 6 8
8 42 7
25 44 20
29 47 16
4 35 18
8 20 11
50 48 2
3 50 37
45 39 2
47 11 14
18 36 45
8 36 22
27 12 3
44 44 18
2 29 49
9 41 21
40 21 45
36 44 1
50 25 9
41 26 44
10 9 28
31 10 13
29 5 37
14 8 30
22 38 33
46 19 24
41 15 7
3 5 28
6 10 26
30 30 10
1 16 33
47 38 50
34 41 16
29 3 16
9 32 37
26 3 44
36 37 39
24 26 3
24 16 10
10 10 26
8 32 22
19 45 43
31 17 22
30 48 19
26 14 46
1 42 9
17 17 16
47 42 42
21 43 48
20 23 18
31 36 25
3 41 40
35 49 31
1 39 3
44 27 16
7 37 49
43 16 15
32 32 34
12 28 19
28 25 37
27 19 3
13 16 20
46 28 37
11 5 37
46 50 22
34 40 29
20 44 12
22 42 43
33 4 15
28 15 10
17 50 47
21 46 28
8 17 10
49 14 46
46 13 15
36 10 37
19 20 19
6 33 26
13 31 31
9 3 17
32 10 40
24 23 7
27 49 32
17 1 3
35 5 15
38 49 36
31 37 16
3 27 38
10 7 50
33 39 29
45 42 39
24 23 23
27 29 22
44 31 19
10 44 13
3 32 36
18 47 23
7 21 21
17 12 38
42 40 4
30 16 9
1 25 50
10 17 19
36 18 49
29 40 7
18 18 20
10 2 45
17 36 29
4 20 18
38 50 49
17 11 15
15 29 5
4 41 8
23 40 24
33 48 43
48 29 27
45 23 37
24 45 33
31 19 25
12 16 27
33 50 35
42 16 40
3 2 32
19 41 3
18 6 22
34 12 22
8 37 31
36 17 3
11 50 39
49 4 18
2 48 19
6 26 9
23 46 35
33 28 18
46 36 13
33 41 37
12 16 32
9 45 20
42 43 8
45 20 37
43 19 33
47 44 36
9 17 14
23 40 39
12 36 7
6 14 27
23 12 27
26 24 4
3 18 3
31 47 31
50 3 47
31 15 23
16 31 49
29 48 36
46 5 23
16 7 8
20 5 28
32 33 23
34 31 4
33 43 24
13 39 1
13 13 9
16 13 27
15 9 29
25 29 23
10 42 10
16 7 50
36 47 24
34 47 40
38 32 43
29 35 47
17 39 18
46 17 22
33 29 21
21 44 16
46 33 3
2 14 17
37 21 8
2 35 33
19 18 28
39 46 21
29 22 12
12 39 40
30 10 5
47 16 47
39 46 25
15 37 46
7 48 1
30 22 38
16 24 29
41 25 38
42 28 45
41 28 2
4 24 5
36 45 7
6 19 6
32 40 23
6 8 38
12 28 2
38 15 12
31 36 1
42 22 49
26 18 17
3 27 26
17 42 9
6 38 2
17 18 4
3 20 6
22 15 47
32 34 1
34 14 21
38 25 1
7 33 16
21 2 32
20 18 12
18 25 31
6 32 50
15 31 26
1 45 39
41 13 9
6 47 41
37 16 15
15 22 35
46 26 48
26 18 28
19 12 23
50 32 25
47 28 4
37 47 14
29 42 10
30 14 18
12 43 8
48 16 8
31 22 19
18 41 27
27 20 40
39 27 10
20 45 30
48 8 2
4 5 25
18 50 16
46 40 14
42 45 10
11 34 11
32 21 5
49 43 28
9 12 9
23 31 15
46 8 10
11 44 16
23 10 21
9 16 35
41 5 22
7 37 2
8 31 1
28 14 30
12 17 27
14 4 35
23 35 35
11 38 19
19 42 14
46 5 8
21 50 11
4 10 30
42 7 24
6 44 1
50 25 33
14 3 41
43 50 47
23 38 43
38 27 18
25 10 38
32 43 27
9 46 39
37 17 11
15 50 11
2 38 46
20 21 26
42 18 27
27 23 41
28 36 6
49 7 4
34 13 21
50 11 37
25 37 1
21 7 36
10 46 30
36 31 7
42 2 3
21 13 28
29 20 5
26 43 10
46 2 19
28 35 19
33 24 46
30 48 37
24 8 6
44 29 35
13 15 28
10 22 17
46 14 20
44 17 1
49 13 13
44 28 9
19 50 13
12 8 1
27 40 13
14 29 41
33 39 34
13 31 50
2 10 7
4 3 23
2 12 3
7 1 5
47 12 1
37 35 6
9 7 47
5 1 28
23 20 14
45 20 44
50 36 19
11 44 34
30 24 2
30 17 38
8 28 45
38 32 38
40 14 43
3 24 45
20 17 43
6 23 37
11 32 19
2 7 17
6 2 23
35 11 30
15 38 32
37 32 4
35 50 2
23 38 30
33 30 15
42 11 14
27 50 25
9 15 16
4 26 43
14 33 22
47 34 43
19 7 28
31 29 8
20 9 23
47 32 23
47 4 9
47 15 44
25 50 1
24 10 32
20 7 22
27 20 27
6 19 13
36 14 7
31 17 34
22 42 10
47 41 14
8 34 20
28 43 11
32 23 46
30 4 28
22 36 13
19 19 18
24 4 25
5 35 44
35 14 1
47 2 5
49 24 33
42 21 48
10 37 11
2 35 18
38 26 13
1 29 39
34 23 38
27 30 28
12 12 24
31 35 2
17 9 2
50 17 28
13 2 50
14 3 1
23 40 38
4 43 50
44 4 45
27 24 34
42 38 23
43 44 24
36 43 32
12 33 2
27 16 15
27 29 32
28 26 49
9 47 26
10 11 26
32 19 33
43 48 50
49 9 42
38 25 49
6 23 29
11 21 11
36 36 12
10 13 20
36 19 40
29 29 45
19 28 12
23 11 40
16 12 33
14 6 43
16 18 13
15 2 35
18 8 34
47 34 15
37 35 49
48 2 11
17 33 41
4 35 46
27 13 30
20 47 22
24 41 29
30 30 3
29 9 19
8 8 25
7 15 5
17 1 42
49 10 36
12 42 49
2 50 44
5 33 7
8 11 42
9 45 31
25 3 19
26 29 20
50 41 11
17 45 34
15 36 40
33 7 9
13 44 41
39 1 44
29 27 24
11 49 19
8 22 14
37 40 32
20 30 9
11 27 26
42 37 42
45 46 43
17 25 28
36 50 1
38 44 6
25 15 25
5 26 23
38 38 50
1 38 44
7 20 31
42 31 22
25 28 45
29 6 45
14 27 31
13 5 22
21 44 44
44 23 22
19 16 49
35 30 11
16 30 25
19 29 24
7 5 43
37 30 26
44 40 30
34 44 42
37 5 42
2 45 37
38 27 46
2 48 33
46 21 9
39 18 48
13 6 11
5 17 42
22 24 46
26 6 24
21 25 18
28 6 25
35 45 45
46 6 23
28 7 21
48 46 45
2 39 13
2 9 46
44 48 35
14 6 2
5 40 49
9 35 19
26 1 28
2 8 7
42 5 33
14 29 4
33 28 25
14 14 9
16 16 6
10 26 43
33 17 45
18 35 48
27 36 1
14 3 35
36 18 20
1 46 44
24 19 42
32 47 4
27 12 38
5 9 43
15 9 39
2 1 37
15 20 39
20 5 50
17 21 32
6 21 2
25 33 41
23 12 12
8 14 23
37 15 38
7 29 9
21 17 33
46 50 43
7 31 15
48 25 43
28 41 9
18 41 41
12 30 35
38 6 9
41 25 31
42 8 10
48 21 22
21 42 14
43 17 50
36 6 28
37 13 26
30 42 18
34 24 40
1 11 10
34 21 27
42 16 19
33 50 45
23 13 9
11 33 14
6 12 33
40 41 14
3 15 33
11 29 9
29 23 4
19 33 3
33 24 40
3 33 16
15 44 30
33 10 34
17 46 11
8 2 34
14 5 39
21 38 3
44 1 5
9 25 5
14 43 40
17 44 6
10 8 24
44 47 31
8 16 18
30 13 9
7 42 48
21 41 8
6 21 46
18 12 35
6 48 35
32 12 17
25 35 35
33 11 31
27 14 5
50 40 11
43 44 10
3 37 28
44 38 31
40 31 21
28 9 5
17 3 48
13 45 30
49 2 8
15 40 26
4 26 46
33 45 7
40 33 6
6 42 49
10 14 16
4 13 10
31 24 30
9 12 28
7 23 25
15 27 32
9 40 26
28 25 11
17 15 14
24 31 15
18 14 46
42 49 16
6 1 23
10 30 25
27 38 36
46 20 16
39 10 13
49 44 44
40 40 41
18 45 18
50 11 22
5 38 11
18 34 20
12 34 45
41 26 36
6 43 48
49 7 30
18 17 36
6 46 1
16 41 46
18 37 17
28 41 31
36 2 5
46 20 49
4 29 1
13 16 6
18 22 14
46 12 40
17 16 25
23 12 12
41 34 17
40 12 27
33 14 36
23 27 7
34 19 47
39 15 32
9 34 20
2 5 2
8 22 38
39 17 44
18 50 10
22 30 1
50 37 49
31 1 32
26 11 44
49 26 18
9 48 42
38 50 36
24 9 37
20 5 45
5 49 7
10 45 49
24 15 24
41 18 14
20 31 36
49 34 20
42 26 46
1 46 39
15 25 37
42 5 49
49 29 39
49 43 36
13 29 45
18 13 2
34 38 44
22 16 29
14 29 4
10 36 26
50 49 37
31 26 30
35 40 33
8 10 33
33 38 31
25 2 12
39 6 26
45 26 35
21 20 8
40 3 49
8 36 20
39 19 40
5 41 39
38 24 3
14 33 3
21 7 16
30 30 6
10 5 50
48 6 22
42 38 21
37 12 18
23 35 25
17 3 5
30 43 49
24 23 17
47 21 32
26 9 33
19 26 4
40 1 47
33 39 26
43 48 26
36 44 28
44 3 20
36 30 19
22 49 25
7 40 17
48 41 33
47 46 27
35 37 16
25 14 27
38 1 19
42 20 28
34 43 3
31 20 48
24 27 12
30 21 18
50 21 19
19 21 41
4 20 13
48 40 47
35 47 49
35 26 18
19 45 6
49 40 47
18 47 48
44 50 44
18 47 11
7 27 43
20 29 18
21 22 21
23 21 43
42 17 25
39 2 49
4 7 34
48 41 43
36 4 19
24 37 5
1 35 39
20 21 37
18 43 48
36 23 29
30 44 18
50 22 16
13 29 1
7 33 47
50 14 16
7 36 49
31 15 13
42 29 44
45 43 22
31 17 19
12 3 30
20 45 39
10 12 44
21 33 25
16 35 48
16 11 23
23 43 43
11 26 49
37 18 11
20 10 9
5 30 26
50 39 21
7 29 25
20 34 18
9 34 45
5 27 44
8 10 16
48 25 49
31 34 40
22 36 45
21 8 7
39 21 40
25 40 2
39 9 6
20 42 47
27 18 35
18 34 14
17 3 45
22 45 28
10 41 49
49 37 18
1 39 48
18 36 24
23 43 27
23 6 46
36 39 29
17 10 30
14 49 34
42 19 17
23 1 1
24 48 48
7 47 27
28 33 5
12 12 47
1 40 26
21 45 42
9 50 28
6 40 33
8 10 19
36 45 29
31 46 3
28 43 44
9 1 29
22 3 40
48 9 20
1 28 30
12 47 3
23 4 46
42 14 37
21 6 18
24 17 50
41 22 33
46 42 13
50 48 26
3 16 49
44 33 46
3 24 45
21 22 44
47 7 45
20 45 3
14 49 11
44 17 22
23 47 32
10 34 7
14 42 5
47 32 12
30 33 32
37 44 45
3 27 1
43 11 13
43 40 23
44 28 49
28 13 44
27 5 22
42 39 16
28 31 24
38 50 42
24 34 10
28 15 36
31 1 30
30 2 20
25 20 24
30 9 8
1 12 21
24 42 15
20 35 37
35 26 13
50 28 12
46 37 46
5 50 45
24 39 17
24 37 16
46 8 5
22 22 20
9 8 36
7 9 35
45 3 40
35 44 35
47 23 8
10 31 35
23 30 28
9 39 8
2 36 3
34 26 33
47 33 32
40 2 50
45 2 50
15 28 1
10 49 10
18 32 5
4 15 12
12 26 9
49 3 24
44 20 12
1 3 8
21 6 46
47 11 15
11 33 46
8 2 16
46 29 38
37 7 18
49 15 24
44 14 41
48 30 5
29 7 12
34 18 4
48 2 37
6 41 38
33 40 45
30 29 49
37 31 34
23 47 25
39 25 21
37 35 19
46 48 31
26 15 42
24 44 50
49 47 23
27 37 19
21 42 49
29 12 14
3 25 46
35 7 13
42 43 34
50 31 47
45 11 48
32 1 10
36 13 21
42 21 20
28 6 50
13 36 24
40 8 32
7 17 37
22 26 9
21 24 42
25 21 11
20 45 47
50 32 28
46 21 9
23 18 20
5 26 34
25 50 39
27 42 21
26 2 20
42 11 44
25 37 40
16 17 42
28 27 20
23 24 21
22 45 35
42 11 7
46 42 7
43 1 2
8 42 17
24 7 9
41 8 42
36 7 46
20 24 47
19 18 19
4 50 37
12 39 2
15 18 6
14 19 16
13 1 5
39 12 22
34 43 34
30 27 18
46 44 41
31 2 43
24 19 34
12 38 45
45 46 1
19 4 48
14 1 19
17 3 2
24 41 11
29 19 6
2 3 17
20 36 33
48 46 41
36 32 18
47 19 29
7 16 18
9 14 21
40 39 26
23 38 22
44 23 11
40 39 36
14 10 28
