50 144 1
-33 -10 -11
25 23 0
-31 15 -21
6 -27 26
-16 -24 22
7 20 -31
4 9 -36
-36 30 6
20 27 -9
17 29 1
11 -39 6
-23 -24 -7
-14 -11 34
39 1 -16
-23 -22 -11
33 11 -15
24 6 -31
-40 22 -4
39 5 -8
-39 4 19
22 -25 23
35 10 -11
-3 16 35
5 29 -22
-36 31 0
35 -28 7
-38 23 -8
-19 23 31
-33 25 -14
0 -9 -37
42 -20 -11
-40 6 -10
24 24 2
28 -1 24
4 -3 37
-22 38 -2
-1 14 -34
43 -12 -7
25 -4 27
-4 30 -23
-25 -10 28
-18 7 -32
-34 16 27
34 11 6
-14 16 35
-23 22 -25
18 -9 31
-8 -31 -14
23 -17 -33
39 0 6
48 47
11 4
0 29
5 16
30 25
27 9
26 31
19 31
18 1
40 19
8 9
5 6
21 18
33 22
12 40
48 6
32 22
34 3
8 21
26 28
36 6
48 10
13 21
45 2
37 49
27 35
22 38
38 25
10 3
37 18
3 4
27 22
19 4
7 35
5 36
20 38
28 45
45 35
40 4
28 35
48 29
33 43
10 11
31 41
46 20
33 25
13 18
14 29
41 29
28 24
5 23
11 14
47 29
27 42
35 24
41 6
49 43
19 11
10 47
45 39
32 8
32 43
20 3
27 44
35 39
48 30
10 20
42 19
48 13
16 23
46 3
10 4
5 39
43 1
9 22
0 11
49 33
26 24
16 15
32 1
15 21
42 44
2 41
6 29
7 27
26 2
0 19
37 25
33 38
32 9
35 23
49 18
26 17
0 31
34 22
0 14
45 36
8 15
48 16
9 35
0 41
36 41
46 38
37 13
46 34
30 13
8 23
34 44
10 25
17 31
16 13
45 41
2 31
34 38
17 7
16 6
17 19
12 42
12 3
43 18
32 33
36 39
7 42
42 40
39 23
47 14
17 24
12 44
22 44
9 23
16 8
7 24
49 25
37 30
21 1
12 4
20 25
7 19
8 1
12 34
13 15
11 47
30 10
28 2
-251 -57 43 -1795
