100 289 3
-20 26 5
17 14 -1
8 -28 5
0 -29 -13
5 -8 29
20 14 12
25 -10 -7
16 6 32
-20 -4 -28
12 21 19
1 26 23
26 0 14
6 12 -19
9 -15 -27
3 -20 17
7 26 12
20 -26 -3
-9 30 2
-12 -17 4
-23 3 -25
18 14 21
-24 19 -10
-2 14 -23
-12 11 26
-10 -24 -8
4 26 18
-14 -20 -21
20 12 3
-15 14 22
-14 29 8
-21 3 -27
25 -13 -6
15 2 32
-12 2 -32
13 -20 18
8 24 2
13 -29 -2
17 -17 21
-24 14 -19
4 25 22
12 -8 29
1 4 33
22 -6 26
-1 -17 -32
21 -25 3
-16 10 21
-10 27 -7
-21 -8 2
13 -12 27
22 4 -4
0 -24 8
-18 -14 -23
26 -1 18
-6 -25 -22
1 -29 -3
27 -16 2
12 22 11
-27 13 -10
-27 4 -14
27 -9 11
-8 29 14
18 -22 13
9 -29 0
0 -16 19
13 -29 -10
-18 -1 15
-25 1 -21
-6 -1 27
-21 20 -15
23 9 18
20 -4 -15
-15 -9 12
-16 17 -21
18 -20 17
-8 13 -26
26 -12 -3
17 5 -12
-10 10 -28
0 16 32
26 -18 3
0 -24 -27
-26 -2 -9
-25 -5 -14
-26 13 2
-5 15 30
9 21 25
28 -7 8
2 -26 6
22 8 21
22 -23 7
24 -1 23
13 -10 -25
3 -12 25
-22 -11 -10
0 -28 -2
25 -4 21
21 -23 -7
-8 29 0
-16 -1 -31
16 -20 -20
35 15
77 33
85 9
31 6
7 42
98 33
29 60
46 72
0 17
31 96
33 38
22 33
94 54
58 83
47 18
78 10
18 71
3 80
60 84
65 83
0 68
54 2
65 23
92 63
83 81
86 55
24 50
41 67
4 67
0 21
44 61
85 10
82 58
44 16
41 40
33 30
76 49
68 38
65 47
92 14
28 83
75 86
92 48
69 88
82 81
8 51
47 83
3 53
54 24
59 95
41 84
28 84
90 42
43 13
99 80
99 70
39 10
14 63
22 91
22 12
43 8
66 38
95 86
55 96
88 90
84 78
98 30
46 74
26 51
39 85
5 27
68 72
24 93
48 32
64 16
12 35
33 91
66 82
41 32
31 99
5 56
41 4
92 4
57 38
9 20
16 79
48 42
95 90
94 24
43 99
84 23
52 90
43 91
46 97
86 49
59 55
60 25
43 51
45 23
7 78
21 68
77 72
72 38
37 73
12 91
86 11
66 51
36 16
24 53
36 2
46 17
15 25
27 56
48 34
45 65
73 34
25 10
41 23
89 61
75 55
52 11
27 49
39 9
15 60
6 49
28 0
88 7
64 80
47 81
67 71
67 23
24 47
70 76
20 7
26 93
85 78
44 2
69 20
59 89
46 68
19 30
32 40
44 36
66 58
87 50
12 1
98 8
69 27
5 9
46 22
99 91
35 97
36 62
71 63
89 44
92 67
66 8
33 74
69 86
60 10
17 97
77 74
59 86
27 86
53 80
54 3
61 73
95 42
54 62
57 58
57 21
12 76
5 20
41 7
87 2
48 40
1 49
52 86
69 11
82 51
35 17
1 76
21 38
89 73
17 29
65 71
27 35
5 69
99 13
7 90
84 10
56 9
15 17
71 50
69 90
31 55
59 79
14 87
94 50
88 20
89 42
26 53
43 98
22 74
24 26
22 35
32 42
17 60
56 15
0 29
15 9
82 93
64 96
69 52
75 31
70 49
99 6
8 19
2 34
67 65
64 99
48 37
99 96
24 3
75 6
74 72
8 30
39 25
17 68
14 50
73 42
55 79
26 80
28 23
64 3
57 83
12 70
19 38
43 80
91 13
39 15
41 78
37 34
56 35
37 42
28 45
47 93
18 50
33 72
61 2
89 79
0 83
24 18
43 33
58 38
2 62
48 14
46 35
85 7
93 51
43 26
96 16
59 42
67 63
28 60
85 20
58 81
95 52
27 1
70 6
47 71
48 4
2 73
35 1
93 81
14 34
86 6
70 91
54 87
30 38
44 79
14 2
64 36
32 7
14 71
45 83
57 0
4 40
66 19
-18 -121 85 943
594 830 1284 750
-179 -26 -319 -922
