1000 2994 3
-667 257 -318
218 -487 475
388 -779 -167
-309 306 710
-94 604 650
112 -297 621
463 635 -261
581 -576 78
789 128 276
-778 -329 -225
-404 -172 -647
144 -138 -745
426 -524 326
642 463 -292
521 656 -181
-725 142 445
-118 -572 -661
-480 -733 56
-767 -358 198
516 230 -548
-160 847 0
513 595 441
-153 -705 -567
-302 347 701
386 693 455
-860 -53 146
-293 90 -652
766 408 185
488 759 93
-494 450 574
-292 760 -109
-711 -130 430
348 -1 649
-636 -229 461
-789 -211 272
-776 -424 -117
424 643 -282
-49 -575 447
-318 387 684
173 804 446
-153 863 111
504 -581 -467
17 186 753
-726 -242 -372
-443 -243 -629
388 80 648
-30 599 -424
83 18 728
-808 -149 263
638 -509 -356
-479 -705 129
-188 -880 -107
405 -296 519
-105 457 -530
812 341 65
-442 542 -299
-642 566 140
126 45 727
269 156 704
-461 674 -87
-577 605 -23
-215 -206 -720
-123 -576 449
512 -695 -128
366 6 -683
-274 -619 382
-505 -749 -118
-342 -819 -6
393 316 -564
792 369 154
-655 429 413
-589 575 352
53 657 -378
-93 -679 350
-435 376 639
-861 48 39
296 -81 -717
134 831 -107
256 -403 -704
-15 -828 -428
268 -829 -108
-281 606 -341
-834 109 -87
-361 -829 -84
-546 183 -476
619 359 -401
813 347 -16
-746 416 126
-629 575 64
-589 336 545
133 -782 -476
127 126 -703
-238 839 86
390 -175 582
492 -373 -606
205 -197 -739
-434 -624 301
-744 328 336
-261 -2 -685
-739 -148 384
-372 778 250
150 -12 -735
-108 -890 -129
-533 -700 44
807 363 41
604 -575 -310
-283 -820 66
-452 -289 -614
53 795 -186
-453 512 570
384 -559 -584
710 -15 372
-555 557 435
239 -709 237
81 825 436
-285 625 584
130 349 730
-101 276 751
-772 365 115
-111 -300 635
-263 -815 87
-456 -461 -576
-350 -194 -676
258 -469 -683
-501 -571 -471
-636 542 303
-183 -416 -702
-479 721 209
-348 -706 -473
-17 211 -673
-4 -354 602
-207 113 737
142 733 -276
-634 119 541
-600 -526 -410
212 -358 -721
-3 -464 -713
-279 830 187
454 -115 570
-413 599 -262
-688 -338 -395
-610 571 -35
607 -464 -455
234 868 143
575 -600 32
-475 -660 212
-205 738 -213
-111 -764 238
-548 638 -3
281 -832 -166
659 398 -333
-45 746 545
154 -283 619
31 -873 -48
840 30 -229
-653 259 506
-470 -655 -425
266 307 -612
-710 -486 -258
434 -738 -55
-396 -531 422
-97 78 -705
-565 -621 -356
291 631 -367
-728 434 228
566 -271 -582
477 655 415
-470 704 315
738 491 -50
-760 73 399
-746 189 395
259 -264 600
269 853 239
-151 -630 -624
779 -288 -264
63 889 150
608 -564 37
-454 9 -600
-303 -633 358
-415 245 675
-15 871 324
-304 768 -80
-349 -829 -50
848 52 -192
-106 -212 -745
105 561 668
-302 -842 -244
597 -378 -520
640 -427 -430
-723 457 191
65 -151 688
-354 -327 -665
754 -153 -397
92 631 628
-799 -240 -241
571 346 514
-383 -818 -154
140 880 102
448 -639 -464
-170 -845 -352
-264 -104 -703
-218 -875 -188
448 -739 -115
176 -369 -724
62 104 -712
708 508 -99
664 -542 -118
-660 510 -28
-52 -865 -322
412 -297 -672
-256 -293 -701
228 825 -74
-319 474 655
-94 -893 -194
834 -87 -212
-818 -259 165
221 637 600
-476 -500 395
-515 55 622
704 -186 -461
485 -702 -58
-202 -710 -546
-208 -728 266
304 -793 0
565 707 83
-413 -124 634
-747 -404 184
491 -556 -501
237 -362 -716
6 877 297
210 135 718
-513 29 -559
-610 -144 -504
307 -781 -371
376 820 196
-421 -426 491
28 -438 555
-302 -692 288
158 -215 648
378 -121 -695
200 302 -623
-617 597 206
136 -533 464
550 665 315
-382 -781 65
-813 -324 -124
1 880 265
80 -812 129
754 -236 -369
-721 413 294
-686 -510 162
127 394 -580
206 567 639
-181 -676 342
-292 -4 704
-454 363 635
-550 660 219
-760 -102 -331
-663 -454 264
482 449 562
-702 -547 -167
-381 -5 680
742 37 -415
-142 523 -473
468 760 243
753 399 241
794 279 -210
58 -184 -750
-94 -418 566
577 -231 427
657 -531 -27
-762 -251 300
504 527 -358
316 609 575
-670 -345 -413
379 -759 -8
-688 504 213
-666 388 423
-320 456 662
-763 336 -38
584 187 -523
89 653 614
717 275 367
467 -577 238
306 -285 -712
651 -550 -231
210 -285 -733
-751 -403 -233
273 -389 521
-171 689 -297
648 619 133
-708 453 -3
-17 152 754
0 -219 664
675 -166 359
830 186 168
585 -514 174
-97 717 -282
-269 656 -289
-462 -706 -374
-200 845 50
510 733 225
604 -579 6
317 566 -421
710 214 -395
-359 484 -409
-204 -13 720
799 384 -34
762 407 208
807 -166 141
-142 112 -688
-273 473 -462
626 -509 121
542 -389 -564
486 -87 560
19 877 31
256 505 656
398 149 -637
668 -148 -509
-121 -795 -471
182 836 -73
809 59 239
-500 686 291
251 -720 -511
556 268 -507
-737 430 74
-194 0 -702
477 -712 -274
683 -501 -37
17 -32 -741
-538 349 -392
-595 590 303
620 604 -115
-827 -73 250
670 -491 -315
417 -78 602
60 101 745
-58 798 470
103 694 584
-28 -576 -671
301 845 180
751 -355 79
-140 216 -650
857 -56 -50
392 541 578
-88 -346 -735
-359 -615 355
-737 -344 262
-478 -105 -601
335 106 676
-772 -441 -100
125 -689 -585
-699 -561 -6
-695 -454 223
-452 609 491
-492 -725 -298
-274 204 -621
142 -801 -443
102 764 511
596 634 -103
138 -750 211
488 18 583
-73 -373 598
579 -200 -582
-632 244 -366
307 670 539
-706 410 -104
-423 714 -61
-238 636 596
383 -384 474
-558 645 244
-442 -772 -259
-186 -222 659
505 -412 365
157 589 -439
424 -609 238
851 -73 -139
-16 -669 357
-604 393 505
839 208 115
485 747 250
-392 -697 230
-751 -460 -168
-124 -637 -623
-555 -290 -548
734 -154 -427
310 651 551
335 99 -669
-170 -733 -533
13 564 -458
-479 664 383
528 641 383
-840 192 109
-268 -861 -125
-799 65 -217
49 -784 185
-849 -196 92
98 -483 514
126 -720 -554
742 -162 278
632 -64 448
-261 744 470
-35 -751 -540
611 466 -324
-677 -440 265
-513 126 -528
5 835 416
566 607 372
-30 637 -384
830 -208 -125
-30 -64 717
157 577 -449
-247 -629 -596
-244 -722 265
-526 399 -364
492 -492 304
-622 -162 501
265 -738 -480
-46 577 664
600 447 450
353 339 659
-658 -561 -271
-622 -642 -46
-722 458 68
5 881 61
-655 -572 105
297 -647 -566
-70 557 -458
574 -193 448
-492 622 432
744 -325 -320
-411 -734 153
-602 -638 71
270 476 663
65 -859 -335
-688 -545 78
-294 286 714
-562 -685 -248
-863 -148 11
504 -673 -327
847 198 -92
113 -870 -288
-201 853 241
516 -511 262
-332 174 -610
-368 -13 -643
850 -12 104
775 327 -202
-514 527 -246
-134 874 203
-126 304 -614
135 750 524
66 361 737
465 -412 -606
161 756 512
-357 122 -616
804 -21 -317
110 868 18
-261 -51 -696
177 294 726
-217 -178 -719
-584 -232 -528
-417 -452 473
427 539 -396
-78 861 337
237 214 -658
150 617 626
-591 192 572
347 -131 617
-624 517 -110
342 -706 -470
687 561 146
-766 -307 -279
11 504 698
-453 275 650
-66 805 -142
449 483 571
174 -861 -121
440 -178 -665
-231 787 -105
636 -198 -533
553 -290 413
-16 47 -722
-225 841 291
431 -344 475
-499 688 26
-791 274 -42
810 209 224
-394 625 527
-224 400 -535
798 265 229
290 -813 -264
255 -129 -729
-3 -140 -750
445 780 199
222 -765 154
711 523 -57
339 -744 -412
319 546 -436
-394 -36 669
7 858 -42
746 286 322
-685 451 331
637 550 -184
-781 344 136
-849 -227 5
-739 -376 229
-635 -37 523
-436 -12 654
527 -123 520
-514 166 631
241 764 470
-539 413 558
522 -432 -562
-690 292 442
-638 566 237
90 -724 272
705 498 -128
-33 775 -211
676 584 0
-300 285 -568
-510 -450 -538
601 -366 -521
-329 -839 -173
-116 -781 -492
-761 -410 135
697 121 416
-395 340 -494
662 43 -496
-505 -38 617
432 701 -196
-386 -602 -540
-718 69 -350
442 -715 -337
-314 56 -655
-148 -407 -712
632 -236 366
-395 327 -503
866 78 -80
163 -474 -702
343 794 -79
-41 -340 -743
51 446 719
-386 781 119
-719 -258 361
-788 296 241
-8 669 614
-441 396 -429
-365 -739 -414
-479 -762 -192
26 -549 465
-425 -744 -358
-731 346 -142
65 -814 -439
692 532 215
-822 -258 -166
-767 -27 -303
-565 -290 483
166 -299 -735
-65 -114 708
-527 116 -521
-115 -71 -734
764 329 269
-717 -475 141
609 -184 417
-623 -630 20
690 -433 113
-706 331 -205
-275 802 3
-349 -113 666
-646 377 -252
-519 -67 -571
513 -374 389
-610 527 -120
-438 -428 481
656 575 -102
-617 -623 -259
-149 861 78
-487 288 -468
444 -557 -539
491 -666 -369
-617 525 -110
770 -366 -188
-661 470 364
404 809 100
470 -673 -383
528 -648 29
636 -309 311
-430 749 236
568 653 -114
828 -155 -211
667 -64 -513
796 -302 -155
-847 -163 148
-237 846 199
-299 -443 520
527 396 -451
471 749 273
-578 -683 -46
-831 -25 240
291 198 694
124 -862 -28
202 873 223
-50 882 97
-120 -612 415
794 38 -336
358 -464 -644
-424 -790 -228
648 606 -34
-22 730 562
656 -15 442
-505 -751 -143
375 -778 -95
710 493 240
548 -485 259
-756 346 281
410 746 -127
-153 763 493
-159 -867 -299
168 -649 340
467 409 586
437 738 -119
-284 142 722
844 -74 -175
453 567 513
-69 -574 -668
-558 -364 449
390 -193 -690
-496 476 556
762 -311 109
489 143 -598
-710 386 -133
-793 -118 -267
454 632 -273
-646 -114 497
-97 758 521
-500 611 -156
-865 47 76
207 -50 -732
-406 319 665
-282 -805 -371
-585 12 573
-492 483 -318
757 468 69
-430 607 513
297 184 -655
652 379 432
-157 -572 450
-691 -565 -158
-654 -608 -14
182 25 -721
-508 298 -450
775 -362 -76
-116 -454 -708
346 765 404
364 466 621
367 -771 -320
-258 774 420
-430 441 -401
236 -738 -497
-110 493 701
-45 -877 -276
22 -272 -752
-171 292 -608
-789 47 347
-529 320 598
595 -611 -224
831 -128 86
-625 -631 -208
533 -542 211
32 729 -282
-622 -583 -308
133 436 710
-541 671 101
710 434 312
-659 14 -436
-835 -162 183
-49 475 -527
-647 -580 108
576 518 436
210 741 514
-430 -790 -33
-164 684 577
-278 -742 220
-824 -279 116
-516 -471 391
190 -797 107
249 864 90
-588 -414 -480
513 -321 426
233 264 711
94 -650 -624
-109 795 -151
350 -789 -85
708 -459 -14
-667 245 -325
-815 245 18
597 22 -562
672 -465 -344
455 336 608
437 -653 157
732 59 -421
212 -393 544
803 -62 214
-294 -808 -357
568 -553 141
179 791 -181
-479 -220 569
565 225 -522
666 471 -242
-736 425 27
-64 -834 -417
-730 -517 -27
64 791 481
118 -559 -671
585 -633 -125
550 647 343
-675 97 503
-549 532 462
-819 -45 -212
0 -762 226
-807 111 293
829 -227 -71
-233 -122 -713
-864 -70 74
235 -804 59
77 -449 -715
347 818 2
-328 529 -391
-91 226 752
751 326 307
137 -169 -745
640 627 138
-70 -169 -747
263 406 -557
772 61 -362
424 467 -460
618 120 497
15 398 -583
-234 711 528
768 -177 214
-475 679 -50
543 72 555
360 599 561
-529 -693 87
-725 34 448
-619 -607 -285
-282 707 509
-553 660 114
730 -446 -93
386 -386 -662
-184 286 735
-101 126 -693
728 -438 -222
-565 -608 -373
-866 -14 53
379 676 -269
672 95 -475
374 -774 -275
806 -294 -89
564 696 11
108 -442 -714
188 -855 -68
-74 749 -239
772 -318 -261
158 99 727
-326 57 704
-707 303 411
178 847 -32
440 -174 557
-557 -668 97
572 -458 -496
190 -63 690
664 -30 430
854 -76 -116
-246 -491 -661
725 484 193
-312 -416 -664
-213 -774 199
-501 705 166
733 411 283
494 222 591
400 123 650
267 826 -49
803 -294 -122
409 -687 137
397 385 -522
-244 654 582
-79 -849 70
-808 -363 29
-840 130 -31
-364 -678 -498
287 673 -315
-306 738 448
-136 -870 -42
-207 -389 578
-133 472 704
92 -785 -484
-67 88 744
-60 266 -643
-309 -186 -690
645 386 436
-590 164 -446
847 138 114
475 2 -638
566 494 -341
-550 -644 160
587 664 232
-564 -186 -545
-469 45 647
-229 -863 -46
-849 -70 -118
209 -649 -596
-494 -747 -42
639 -525 54
-696 -80 -418
172 244 -654
-13 -841 -395
-502 -726 -271
293 -598 -601
-414 711 -76
-358 714 447
262 -582 371
-193 778 457
-503 638 395
-45 -895 -174
-605 292 546
-665 -356 359
-617 -575 172
482 96 599
-489 -70 -591
-42 -67 -742
-681 -564 47
307 -821 -196
-555 -576 -416
28 829 -116
733 -94 -438
495 -330 -618
-29 -135 701
-239 526 664
705 365 -301
-780 181 344
811 -237 -196
684 91 426
-48 -868 -10
-387 -262 593
-355 700 -156
517 67 -604
370 -622 267
-11 753 -245
650 206 -460
-102 735 544
-220 -34 712
18 374 -597
-514 623 -114
-404 -758 104
743 426 -157
817 225 -199
-129 831 -68
-851 -228 -24
106 515 688
337 292 -600
337 -117 -710
-246 311 721
-371 531 605
308 844 104
433 769 279
-759 -32 388
596 1 495
577 -73 -588
-171 858 268
508 569 464
-837 74 -116
162 513 -501
165 -628 -625
-235 396 710
768 -250 158
-578 340 -359
-579 -373 -505
510 -107 -625
-242 592 -374
783 238 274
-665 514 4
145 -631 -628
564 158 545
-52 -885 -102
-792 282 246
-148 856 39
-236 -587 -625
-186 -327 613
-579 -95 -533
613 -23 -556
225 516 -485
714 133 398
-405 314 -507
-330 -728 215
274 61 -696
-278 -595 404
301 685 -292
820 -215 38
6 892 125
113 887 236
-706 -238 -402
858 59 86
-705 144 470
22 869 335
-262 -156 675
859 23 68
-795 -87 318
463 516 538
-582 230 -426
743 -426 -166
736 -386 71
-355 -709 -464
254 379 694
443 261 619
-172 412 -542
-638 6 527
213 -242 624
-316 -476 -641
727 389 312
-124 873 247
75 -745 -543
-782 -428 -59
-730 -61 426
-268 -348 -693
322 -720 156
175 882 177
45 -814 137
566 256 544
-861 -107 -31
236 132 712
638 -481 -387
-8 853 -56
782 419 72
-421 677 -133
-442 146 666
359 -754 49
-803 -381 0
-606 -556 -366
858 180 10
794 150 -287
-102 -365 604
660 -329 -467
-769 -446 19
218 644 -370
682 -322 -438
574 681 224
-860 57 129
458 390 -494
564 -230 440
225 -122 663
-552 -680 -278
-840 94 211
-660 390 -219
-313 -335 582
-501 329 616
-525 671 33
72 871 317
-858 0 -56
484 745 -26
-317 -830 -276
698 -262 279
-308 142 716
71 332 740
391 807 35
135 -852 -342
819 116 -245
500 196 -572
-127 -785 202
-29 23 -726
484 289 -536
-51 -888 -230
177 177 728
269 -787 -400
-215 821 361
-481 -308 531
-273 -759 -458
-783 212 -158
-356 133 701
647 260 460
46 480 709
-846 -199 -76
-343 793 82
-412 -561 -550
-437 -583 345
43 -887 -210
-338 -783 -372
-408 -138 -643
137 857 352
-79 239 752
-277 826 116
-604 -96 537
-369 619 -267
736 229 -352
-614 -554 206
98 -882 -142
239 -560 -645
26 -667 352
-814 -235 194
494 301
850 708
803 903
243 613
158 472
624 909
184 561
491 833
39 680
535 345
980 893
826 155
681 182
209 363
718 512
243 597
851 682
289 408
985 995
667 446
573 854
794 102
472 194
259 646
614 587
914 420
933 500
883 874
78 539
4 660
36 756
289 46
432 678
16 888
407 613
78 135
596 736
744 103
649 422
943 219
211 540
5 362
156 124
354 488
35 382
917 133
715 666
143 340
757 304
441 996
13 840
971 968
36 633
13 709
900 175
922 351
143 927
385 192
691 383
451 358
229 905
739 617
893 8
477 996
658 414
85 150
730 501
980 929
524 22
660 981
216 252
734 498
902 878
703 309
734 251
306 798
77 320
241 56
966 79
129 342
973 230
234 494
15 904
117 131
428 400
802 910
332 359
691 714
522 943
509 950
292 990
465 896
693 149
856 447
290 807
207 882
84 651
733 662
944 525
224 519
542 452
308 776
4 787
288 369
385 219
594 483
530 633
622 436
902 461
977 791
611 549
932 142
664 841
239 64
117 452
106 855
861 317
141 469
198 579
673 748
297 408
593 684
50 855
33 557
201 51
634 416
621 960
775 888
311 728
681 611
933 835
495 247
664 953
472 555
389 677
633 272
502 125
838 410
470 426
594 449
382 245
329 493
778 120
709 517
187 771
143 687
118 504
221 22
290 471
934 307
804 317
355 551
153 996
738 853
157 240
327 666
629 876
98 26
739 747
90 357
643 168
229 246
344 316
681 17
888 412
592 409
740 399
480 363
129 853
978 394
830 571
314 509
457 768
609 358
235 955
281 338
259 801
221 977
378 718
610 893
549 818
726 761
748 256
168 575
200 460
824 322
308 780
38 875
891 869
248 456
367 820
908 48
38 74
475 835
826 89
907 903
459 973
948 25
270 206
50 806
780 265
538 940
95 862
649 432
931 973
92 300
737 843
257 815
336 765
405 910
537 489
908 271
511 680
239 627
952 162
711 817
371 961
870 483
201 618
610 843
806 770
72 945
596 805
476 624
421 134
909 871
817 434
418 660
975 464
311 880
601 725
518 475
335 138
245 350
478 869
826 467
3 436
140 134
962 399
603 20
871 21
220 159
392 953
161 970
921 449
859 982
733 493
112 583
877 910
962 587
606 750
564 400
112 718
199 704
625 339
654 365
516 928
576 260
310 342
84 405
559 372
233 966
954 631
860 981
977 128
114 337
36 163
691 883
206 328
282 730
91 129
999 215
540 727
528 697
55 139
123 750
373 12
170 514
836 456
458 561
622 751
48 676
762 996
964 452
706 792
212 74
5 152
337 464
263 53
512 665
702 5
2 202
769 93
283 443
250 435
238 772
659 974
524 402
303 163
909 679
530 14
479 858
709 840
218 809
303 463
718 628
450 489
528 701
30 820
308 265
656 497
234 687
844 885
205 517
746 754
224 608
110 198
24 365
672 316
901 900
850 304
674 646
323 426
136 539
908 34
844 102
69 27
959 637
216 365
224 290
254 852
224 301
816 853
171 152
895 381
749 328
856 517
465 861
7 312
446 309
71 322
644 488
224 960
883 714
848 785
177 830
642 139
373 415
259 620
242 550
200 458
384 121
413 222
261 766
295 803
954 573
490 308
64 387
462 574
971 19
638 76
827 33
437 355
836 219
707 529
602 927
468 32
195 259
248 192
291 710
570 877
208 618
495 360
71 583
681 66
533 497
318 219
332 503
734 861
702 236
355 818
753 582
4 418
546 4
911 285
179 474
361 829
591 869
499 508
104 54
528 591
2 833
347 18
790 637
201 523
749 694
664 599
76 862
212 839
137 543
151 682
371 818
167 100
327 63
569 254
907 343
541 345
307 440
252 316
112 354
893 646
58 690
438 724
900 315
931 57
510 665
325 87
964 116
404 353
810 393
110 579
496 575
546 418
142 771
755 930
34 215
92 137
44 107
137 483
255 74
213 972
474 956
612 202
700 785
341 629
101 11
147 969
422 598
338 680
744 432
589 359
989 602
361 782
505 684
984 121
286 662
493 831
850 85
341 899
147 377
110 997
788 928
379 803
533 580
578 651
648 422
257 556
47 57
227 41
99 31
260 350
97 841
430 946
649 565
689 950
884 929
299 791
414 570
2 149
47 772
490 881
614 443
880 81
906 569
985 217
838 47
52 171
216 185
286 228
42 336
984 888
114 905
900 603
928 395
566 962
136 653
850 757
88 56
535 126
333 676
68 861
836 192
80 223
742 868
976 626
216 316
783 727
38 278
878 274
538 376
98 458
705 586
911 749
538 774
101 638
733 184
647 942
533 585
229 180
266 840
741 854
6 272
114 358
14 272
593 215
710 486
866 264
479 181
742 314
643 307
854 148
965 727
433 420
822 113
756 898
133 904
786 736
13 503
957 854
375 848
814 176
173 22
837 94
687 197
604 73
75 790
627 862
516 377
867 924
781 915
161 482
707 992
433 316
754 939
69 934
151 851
54 940
203 761
185 860
476 679
978 486
370 256
216 680
397 702
787 368
95 731
67 182
289 146
926 785
942 889
593 676
384 808
12 415
220 202
945 792
848 926
650 896
548 913
886 953
838 559
274 688
118 189
500 315
445 534
561 831
276 56
16 775
954 570
535 925
392 886
237 381
81 139
126 653
481 572
635 739
238 918
913 551
966 974
998 377
927 197
464 483
329 970
218 641
490 487
390 821
147 222
536 962
527 305
985 685
681 67
97 277
560 910
690 600
243 947
14 805
935 367
299 355
216 386
570 448
975 821
610 509
334 698
707 976
554 290
647 795
983 543
472 9
250 425
381 96
143 602
156 791
759 582
104 307
938 923
948 637
122 988
37 377
24 166
170 15
429 821
625 383
325 118
691 922
712 350
516 113
519 608
847 280
11 731
429 354
806 431
346 897
712 352
517 503
36 272
137 594
121 107
272 736
125 583
299 754
64 862
889 955
180 406
5 238
901 602
335 32
442 594
331 125
242 377
972 986
906 306
966 357
184 662
106 778
658 305
717 745
634 992
566 614
660 542
555 982
872 82
516 495
378 512
780 613
512 956
524 388
603 315
184 345
812 351
346 160
343 446
113 848
355 162
683 778
129 752
332 575
539 997
999 48
819 997
647 897
970 561
296 614
573 636
664 333
117 796
242 998
49 41
54 379
462 160
349 772
122 44
125 515
744 681
782 58
584 687
259 419
151 358
606 110
129 816
569 499
788 794
607 186
494 224
621 540
842 409
746 939
730 562
412 791
216 338
237 346
69 104
78 750
672 542
195 646
605 994
858 20
167 390
40 449
446 722
122 191
510 809
643 290
259 476
180 921
894 489
26 534
824 821
934 776
518 835
234 143
641 992
65 253
978 0
60 854
922 79
518 692
451 680
856 168
348 44
389 374
741 367
557 626
975 657
755 25
311 537
659 417
823 464
319 977
228 135
683 237
82 486
202 159
922 398
726 662
437 611
81 728
88 882
659 398
464 406
453 750
971 324
407 674
554 776
257 194
943 142
853 799
906 254
528 891
823 401
769 52
957 485
899 629
673 485
880 263
807 732
855 244
700 669
966 553
326 161
942 236
191 44
999 676
678 828
289 298
666 105
824 167
704 640
894 356
404 827
409 774
110 513
198 426
933 858
844 601
131 306
977 913
413 253
811 719
247 601
463 272
114 454
522 187
790 392
921 464
84 910
177 405
227 771
133 510
687 865
588 543
77 706
433 655
437 952
782 699
870 464
649 352
938 859
750 94
358 713
476 655
121 777
109 628
172 989
922 659
513 313
825 102
745 904
906 955
954 552
850 324
49 580
610 526
319 711
95 662
935 30
935 820
814 7
873 411
235 574
945 163
299 551
672 981
857 307
806 96
784 582
326 561
134 834
822 619
158 421
730 920
344 433
460 61
742 884
546 185
62 37
404 995
807 613
827 544
652 912
524 977
439 666
58 600
610 868
943 187
255 179
794 51
272 805
439 580
288 702
681 813
597 866
99 544
260 421
919 121
136 339
704 618
218 529
627 284
296 312
920 646
216 273
707 845
973 336
984 531
384 878
203 539
154 857
584 960
236 130
49 334
559 410
798 336
652 341
43 140
495 725
7 176
76 64
857 440
516 147
92 577
921 900
92 543
2 758
12 822
557 416
810 51
766 963
995 258
849 297
113 926
488 747
936 979
146 692
581 469
261 254
755 637
999 34
465 645
470 497
735 994
241 748
294 564
126 925
779 748
124 791
842 582
746 671
362 236
109 255
593 396
915 699
644 354
774 590
546 609
783 320
12 484
81 298
324 596
438 396
174 590
916 263
530 756
832 678
440 940
873 251
965 687
306 852
978 82
620 699
830 988
283 669
919 777
514 155
700 375
930 959
922 402
456 605
609 451
373 484
611 66
299 156
710 423
160 574
853 240
345 653
273 743
149 996
438 755
122 800
813 66
957 60
689 572
309 629
438 859
696 118
880 728
740 876
762 601
975 483
79 553
526 929
200 800
779 127
69 54
746 421
69 490
911 753
251 853
623 214
66 598
117 875
627 209
391 21
503 575
710 207
183 440
187 142
512 628
826 378
569 845
398 323
164 189
510 936
529 809
347 827
268 236
702 171
349 45
314 361
879 478
151 609
901 229
179 979
384 44
303 498
241 515
510 474
895 431
951 238
837 750
725 937
861 157
833 758
3 23
40 603
839 368
506 226
154 623
928 969
789 525
555 287
872 959
649 598
155 904
108 835
923 350
977 548
762 149
764 174
285 105
705 669
92 449
762 725
226 353
480 165
709 503
658 55
25 637
654 597
836 591
948 392
989 905
172 340
235 462
201 186
700 705
941 994
530 36
245 923
480 318
620 929
906 852
173 412
734 892
755 959
243 407
239 804
285 334
753 334
840 447
796 875
563 525
98 534
827 626
749 912
645 317
163 792
448 636
311 527
312 669
127 256
766 979
393 83
269 950
169 745
3 863
592 842
196 607
156 834
125 71
679 21
920 780
379 295
680 365
432 770
203 558
321 446
5 119
898 792
867 169
894 444
495 686
720 395
367 854
303 374
760 359
115 368
269 428
597 380
318 591
129 799
566 912
334 105
94 513
917 717
806 995
899 309
428 950
165 363
932 698
544 271
117 964
247 360
584 965
149 477
68 786
604 62
250 678
167 483
269 536
7 705
125 164
743 21
578 405
231 571
696 486
972 441
191 777
764 430
327 758
328 694
639 3
752 310
507 992
538 183
821 354
288 171
25 953
894 520
672 914
208 661
56 189
42 973
234 584
793 747
177 445
695 0
826 665
333 908
303 736
268 62
216 281
457 687
347 271
857 967
543 100
610 400
173 625
861 968
715 63
399 111
266 857
110 426
928 601
78 284
790 82
88 748
728 139
79 797
837 313
456 154
609 682
894 651
721 953
432 352
408 46
525 18
154 605
467 133
151 635
497 585
634 924
248 219
163 756
705 312
263 489
225 499
283 700
535 653
158 287
734 786
261 508
655 620
857 183
517 575
538 440
85 596
774 722
918 152
11 493
392 504
901 175
112 70
455 405
966 817
838 119
887 20
743 344
324 19
538 903
752 342
481 587
36 463
700 586
445 988
470 417
243 807
131 766
661 618
72 670
141 882
593 999
672 433
767 841
759 899
684 525
836 318
986 441
391 166
966 491
514 15
23 875
299 162
88 673
788 601
533 656
181 20
64 896
932 49
147 253
945 132
529 508
552 279
711 524
198 41
200 988
63 586
283 848
778 431
519 575
838 293
639 255
229 921
958 905
224 947
0 567
875 278
543 485
377 550
733 561
760 960
398 351
874 997
403 805
490 730
242 619
864 115
681 103
823 739
457 77
532 675
923 712
978 567
953 841
224 760
248 946
374 892
966 833
421 939
641 529
237 778
976 416
188 946
353 995
425 678
962 481
394 719
425 435
142 698
269 564
897 160
886 545
146 30
757 280
580 105
621 530
172 143
235 160
384 902
490 379
331 71
245 859
512 29
949 971
59 636
167 127
223 693
767 514
3 979
662 493
591 363
680 454
752 204
261 569
941 967
842 174
494 264
672 860
506 18
286 203
166 21
935 636
844 794
612 149
85 403
547 330
17 855
77 108
572 587
752 482
394 556
606 997
577 603
890 348
737 526
241 276
779 256
91 896
134 521
294 400
371 549
960 28
662 267
371 551
611 422
781 829
291 366
902 274
889 795
532 556
796 660
614 572
410 798
286 558
783 211
345 925
245 287
586 159
768 687
330 910
72 297
893 501
92 983
679 646
614 415
453 94
795 955
625 653
560 675
178 346
872 811
327 439
541 726
389 411
516 247
565 598
814 694
902 257
373 614
38 23
483 100
756 792
241 331
300 20
730 881
234 866
90 797
589 960
307 168
788 778
785 937
537 527
318 363
926 937
255 864
565 432
522 165
106 244
97 767
61 210
786 861
890 808
654 243
770 678
233 497
284 862
124 521
128 913
775 777
441 661
516 998
47 190
957 741
277 514
699 929
824 390
507 641
132 670
522 480
711 79
584 865
411 892
938 789
141 573
890 815
155 15
702 1
117 990
776 27
59 367
764 753
703 446
106 120
745 15
431 145
638 11
363 869
97 70
622 117
943 480
984 919
772 32
106 810
611 598
311 263
83 523
944 712
902 815
371 355
804 64
614 312
384 461
710 279
403 150
164 249
873 677
976 845
677 427
432 598
966 434
879 869
993 846
13 150
812 997
664 908
555 194
497 198
891 591
484 369
681 83
386 365
518 108
472 287
829 884
812 323
181 30
691 351
196 611
775 126
492 76
735 605
173 383
890 461
109 29
612 275
56 748
498 892
208 817
801 419
765 57
32 45
399 309
38 3
715 586
737 884
573 448
510 956
945 374
329 11
459 964
492 638
212 864
137 100
185 981
518 146
476 909
671 421
890 231
275 159
513 579
15 841
75 637
516 395
673 543
710 325
287 9
541 662
12 283
479 30
4 839
947 807
114 451
986 996
203 662
217 685
193 185
295 321
878 688
486 552
68 968
643 519
98 310
5 293
520 489
44 988
39 454
861 645
59 854
719 194
442 449
42 964
252 185
64 317
248 764
502 249
706 108
900 424
716 407
154 214
315 20
918 171
200 561
119 559
931 58
660 839
877 0
674 613
364 0
974 417
815 556
615 164
612 693
679 419
615 249
875 863
430 698
696 82
903 940
723 561
696 710
642 55
366 710
448 139
91 650
701 262
894 527
336 57
554 613
277 767
696 392
812 819
648 352
241 256
237 178
555 9
2 327
802 675
38 255
643 776
842 590
399 876
704 987
652 899
481 689
822 242
916 489
652 911
238 190
663 342
679 871
224 732
846 139
606 453
781 699
654 866
307 447
492 862
226 18
124 134
526 893
68 949
22 388
251 240
259 679
356 310
13 403
913 791
764 842
533 327
223 725
555 859
77 500
961 618
642 448
987 548
443 415
555 245
856 840
519 168
530 6
44 10
35 350
127 322
647 253
294 962
502 583
3 751
355 952
326 98
396 684
615 886
91 204
357 553
872 978
505 789
530 706
544 31
177 534
888 173
121 44
119 372
667 309
383 339
459 58
541 653
490 265
85 304
529 225
180 905
459 914
381 145
269 294
944 352
782 45
814 328
484 689
730 265
684 18
255 29
924 908
33 416
72 374
132 706
951 171
263 427
889 372
614 669
123 997
283 614
389 46
288 52
936 179
172 654
404 258
97 886
165 313
589 503
707 416
546 281
329 831
628 29
925 61
868 509
290 732
468 171
957 673
715 270
814 312
215 271
429 112
532 815
5 190
397 550
494 584
973 765
80 693
588 127
211 320
965 960
824 71
906 845
573 469
481 950
97 249
292 336
376 623
974 497
266 447
839 875
121 521
369 1
264 380
22 402
283 375
7 586
787 488
672 116
682 787
733 831
604 377
286 284
378 89
344 655
291 207
979 963
308 27
239 478
154 183
659 90
790 696
347 404
957 148
266 994
519 290
592 784
124 834
63 202
414 877
453 513
970 482
169 841
985 96
793 657
199 618
872 790
158 260
764 698
819 426
953 599
356 342
46 427
911 759
373 572
257 719
711 618
47 336
378 70
777 126
295 487
150 840
815 232
467 155
262 735
518 297
461 815
283 415
305 728
729 292
855 431
823 657
742 361
273 344
856 709
682 739
773 893
184 925
936 809
668 611
391 716
335 93
288 1
323 417
285 206
912 694
814 270
275 937
461 232
528 757
751 863
250 995
654 24
985 160
95 284
227 513
702 152
261 499
924 31
226 525
282 501
92 594
366 207
364 532
743 365
762 477
993 139
659 323
213 618
557 976
161 561
529 992
708 968
715 285
899 722
687 727
804 847
172 866
773 111
3 875
509 400
231 177
895 778
4 368
88 423
331 322
213 201
799 342
718 354
604 253
635 337
987 640
924 745
459 116
271 18
439 105
200 445
773 399
99 908
456 590
484 572
824 429
133 641
369 52
681 855
993 298
917 641
743 24
750 284
172 602
470 323
364 910
296 669
304 994
131 254
505 859
710 552
584 28
730 780
805 503
725 926
604 37
595 897
744 770
547 527
337 406
782 915
654 166
809 979
646 929
656 833
847 869
844 788
580 41
292 131
715 327
261 809
191 121
43 257
2 612
935 139
453 110
465 157
656 758
463 736
942 5
16 653
378 514
663 356
962 876
949 786
917 745
995 96
846 30
331 515
536 294
95 286
543 991
738 677
674 679
146 846
196 523
711 199
873 892
142 41
151 337
566 341
576 952
885 153
634 31
683 895
117 542
954 448
631 552
729 990
33 626
247 928
117 42
438 930
413 778
652 749
706 616
859 930
122 61
734 157
605 967
333 48
580 198
3 963
127 543
509 769
250 226
404 506
391 654
167 588
68 971
161 310
119 293
241 370
914 690
250 563
134 688
593 25
968 317
109 718
787 747
268 647
509 428
205 168
545 189
901 905
976 574
664 867
460 723
366 631
104 86
822 369
122 210
277 70
227 579
583 70
811 982
994 840
553 797
376 590
931 230
944 938
282 893
672 452
782 420
951 918
654 39
961 607
423 56
442 921
262 994
228 284
597 264
851 635
321 703
749 206
255 956
730 646
521 688
109 864
269 481
182 810
907 446
188 698
624 871
601 153
516 360
12 369
260 648
903 321
319 524
311 305
740 309
838 190
412 531
321 111
145 96
806 828
972 618
624 21
213 102
634 507
800 460
359 608
331 370
217 160
746 576
894 578
234 340
781 782
112 71
951 772
11 267
638 896
268 942
985 346
147 720
934 104
159 937
133 155
495 926
270 302
128 791
43 472
822 848
593 333
900 927
652 759
12 848
404 685
198 585
224 28
113 619
595 955
626 574
658 547
721 841
154 376
24 21
836 605
768 783
794 810
129 204
782 600
78 203
844 153
711 208
167 821
881 487
977 388
179 956
431 381
92 40
692 475
895 237
276 515
984 124
493 267
781 929
238 152
541 136
612 159
367 485
349 931
410 336
750 209
272 596
847 317
65 897
397 1
167 322
144 586
121 124
998 619
606 123
821 747
857 941
72 408
114 406
817 79
776 613
812 874
465 91
289 427
674 920
813 103
546 193
281 193
801 646
25 599
248 943
329 204
482 204
344 624
492 11
205 575
943 946
186 523
316 860
651 910
729 131
133 717
349 32
131 798
539 714
335 782
546 338
510 179
384 521
930 982
697 757
99 924
116 452
779 673
276 164
947 301
738 251
715 206
667 899
182 393
547 305
622 766
783 687
58 973
532 910
779 543
980 646
294 399
437 549
668 576
890 675
654 511
631 469
806 678
343 774
367 543
156 754
647 595
517 168
708 324
504 189
276 189
636 139
951 468
49 142
914 433
864 74
33 31
944 435
49 698
490 295
507 924
886 841
374 411
659 357
893 111
115 488
164 545
601 996
815 675
691 402
315 424
825 153
122 10
34 271
951 32
677 53
726 136
264 301
154 590
531 791
707 225
209 284
724 25
539 339
583 249
456 192
821 488
457 197
364 877
615 545
698 946
925 210
308 613
890 44
726 539
236 550
933 315
496 519
62 236
595 160
468 335
80 762
378 155
137 991
216 193
386 743
43 902
457 315
420 600
250 353
562 265
526 843
697 847
737 929
254 306
784 722
849 670
292 798
839 278
451 454
314 769
231 675
922 90
366 469
147 395
987 961
459 690
588 100
566 312
158 140
614 962
221 791
857 994
213 51
125 249
231 560
330 651
387 896
760 608
872 719
263 677
894 547
163 374
125 276
724 755
2 63
512 255
555 811
457 320
248 430
231 405
39 989
714 339
309 876
326 458
262 591
776 471
193 466
972 661
402 383
773 400
208 434
890 232
423 189
825 996
437 818
559 798
788 810
769 138
234 264
829 782
14 503
754 162
393 523
470 974
479 20
823 617
879 239
441 434
248 385
248 590
77 835
823 337
297 670
348 571
423 87
726 203
890 571
188 142
622 3
200 122
961 551
978 552
921 483
300 568
114 39
813 598
648 712
769 950
701 757
473 660
440 86
94 313
851 739
67 244
467 510
147 778
141 673
140 688
711 402
414 330
773 294
8 487
685 626
717 904
304 840
610 737
298 139
559 306
304 150
16 625
570 0
706 756
50 431
178 897
346 96
742 737
554 807
450 916
695 532
432 103
630 317
922 797
542 981
101 329
663 489
510 641
16 173
944 923
642 414
812 426
277 378
207 423
900 197
223 762
199 640
911 582
254 766
158 134
352 422
977 987
34 48
986 825
554 471
247 686
256 322
592 582
900 449
243 380
141 207
124 531
300 887
948 953
639 179
906 559
329 482
577 887
80 149
211 706
859 789
233 656
117 751
65 178
933 692
995 828
479 692
195 929
927 687
563 226
416 992
684 789
804 869
441 833
176 302
821 657
11 662
901 989
589 760
658 642
530 616
960 727
814 566
154 967
796 839
566 629
538 907
435 678
933 20
364 695
141 854
97 615
362 130
476 620
577 300
630 280
478 209
72 132
22 383
458 534
75 959
147 73
112 378
903 446
906 372
836 262
674 780
392 118
209 165
188 943
935 846
478 363
664 169
522 313
179 3
873 738
944 563
207 469
744 17
455 534
409 784
809 508
787 115
764 334
581 141
177 455
708 19
242 1
110 819
743 624
714 997
622 131
656 966
902 140
370 322
968 630
227 142
222 253
949 324
311 489
742 509
972 825
744 806
217 574
470 198
671 939
89 665
221 388
800 61
704 961
763 146
921 870
379 940
185 466
846 298
656 491
13 805
881 501
114 713
161 752
450 53
169 15
563 435
418 981
191 925
44 808
187 313
900 246
775 653
301 380
316 185
347 506
392 545
118 87
43 194
468 93
357 797
367 181
382 350
235 976
321 893
505 396
560 405
603 449
790 959
97 583
347 544
858 692
212 278
635 617
460 184
356 520
106 431
684 215
109 354
260 382
516 720
802 560
576 421
221 412
938 245
282 646
233 974
685 258
157 816
570 567
177 988
163 463
69 308
151 713
315 197
93 52
234 865
905 406
754 834
759 784
764 582
734 240
811 194
292 42
387 317
533 439
234 172
455 444
297 146
111 703
184 61
772 190
300 181
746 162
31 416
620 420
586 937
184 723
984 412
539 761
642 570
222 778
970 831
181 568
473 981
289 81
348 988
950 52
382 287
662 731
686 601
389 427
86 940
847 630
832 352
260 712
768 320
6 14
223 275
359 575
418 185
5 130
396 859
402 79
837 209
668 422
961 186
321 487
472 140
849 108
141 957
586 302
101 204
532 802
645 896
458 445
547 414
441 149
92 568
693 275
399 703
947 380
977 640
729 117
73 377
132 792
314 335
901 927
538 343
806 145
132 108
250 828
511 365
257 632
778 969
480 219
101 91
496 168
356 489
759 722
37 550
894 537
833 149
623 590
883 351
114 151
432 832
326 310
658 728
186 618
708 280
461 808
647 62
883 812
777 925
115 839
604 647
788 106
214 590
459 42
319 199
366 552
92 991
109 644
668 648
968 19
741 485
178 253
42 990
484 950
418 473
983 367
348 830
734 873
793 401
101 650
710 118
495 113
196 83
801 679
266 307
643 471
580 585
577 40
237 96
814 302
581 573
231 830
516 619
237 253
14 589
742 829
746 952
333 25
60 148
512 89
622 963
376 183
772 57
878 521
167 975
734 736
664 721
716 243
513 771
203 135
645 387
259 929
632 194
293 190
983 568
67 106
187 513
881 8
811 930
398 812
901 246
829 929
235 845
295 903
921 246
356 26
715 302
289 297
944 789
310 26
321 8
341 912
942 362
738 53
486 279
5 236
872 394
901 958
262 304
289 263
974 357
218 510
791 551
144 7
37 236
621 589
401 657
484 52
697 280
893 929
409 722
333 599
608 575
873 389
72 46
632 719
450 853
983 181
72 389
864 839
744 50
845 955
213 825
391 407
685 574
144 302
285 666
566 694
102 51
822 1
436 751
888 919
824 112
442 483
867 908
911 206
934 643
949 596
611 83
109 488
529 499
196 186
603 424
685 995
10 988
220 586
391 243
681 244
465 816
39 511
576 648
536 481
451 338
349 782
906 889
85 324
621 14
954 469
546 682
344 476
849 518
788 969
235 595
134 939
609 338
450 738
754 134
33 544
273 316
123 539
386 273
286 135
942 119
401 747
441 966
147 928
320 706
917 507
223 937
663 450
942 795
428 564
549 607
603 887
739 401
856 307
636 854
816 240
803 940
706 898
506 353
227 198
4 682
375 785
864 488
55 728
285 753
85 805
788 120
405 444
621 616
392 637
947 732
494 28
146 298
885 825
144 176
384 107
744 855
949 736
200 723
467 665
914 116
655 420
793 821
665 956
371 607
196 549
335 769
621 727
103 598
811 959
220 63
836 385
647 65
883 997
108 670
978 532
595 795
349 58
175 927
361 335
104 940
394 532
76 896
882 423
409 590
35 245
396 25
763 518
141 88
989 958
667 722
545 504
661 434
93 171
170 767
931 765
330 877
99 271
763 297
376 774
498 736
91 816
837 165
534 444
95 11
407 679
916 53
931 772
397 242
894 405
889 119
941 605
69 379
170 841
933 77
248 174
832 435
343 722
397 236
775 919
697 891
914 600
78 228
706 540
823 635
405 651
668 437
697 869
49 105
787 739
78 123
708 630
289 880
627 478
885 102
586 785
987 551
270 328
437 576
47 410
215 18
954 567
742 610
117 660
413 237
367 30
73 253
303 892
261 979
867 745
707 569
356 444
325 423
201 393
879 804
457 500
547 651
827 685
962 629
552 567
850 280
307 86
114 989
141 60
548 551
26 444
686 725
610 773
335 45
339 653
255 3
278 74
507 745
881 893
6 633
314 138
823 975
239 862
933 475
367 636
654 989
569 225
352 435
230 765
783 540
532 0
122 925
140 274
701 304
117 863
182 83
540 616
319 640
656 327
719 556
180 464
479 146
701 591
216 466
87 189
490 562
450 799
450 342
438 25
934 27
541 184
262 605
420 699
158 382
558 662
101 896
691 339
182 106
359 503
393 51
95 492
22 412
407 21
1202 405 2147 -622482
56 2258 6838 -614281
864 -172 13974 -807798
