1000 3
29 27 3
49 26 97
82 7 76
91 87 85
73 99 52
74 39 70
16 64 91
57 100 3
64 29 17
99 84 54
91 70 30
98 30 16
20 5 77
40 44 22
50 43 20
80 16 80
25 76 12
54 89 47
40 95 62
97 83 53
97 12 90
58 7 97
7 68 42
54 94 70
59 40 33
97 97 67
9 18 21
76 65 37
93 15 53
84 17 67
79 46 31
6 11 16
16 84 13
50 88 39
57 93 32
8 69 35
16 40 21
100 95 3
6 100 74
89 78 4
94 21 28
36 72 89
16 72 44
54 24 5
88 87 36
4 58 98
17 82 42
80 41 90
71 87 2
99 49 17
81 51 88
19 18 56
61 20 25
58 9 74
28 15 60
44 76 66
91 38 48
81 30 13
5 9 56
11 20 51
59 60 20
2 31 65
93 76 99
67 82 31
58 6 31
18 63 73
51 5 88
71 73 78
47 51 5
47 31 19
19 20 52
16 64 44
38 90 85
62 34 43
60 96 37
52 28 92
2 83 18
34 33 32
94 83 84
41 85 95
39 46 36
61 71 50
5 81 79
70 98 62
2 77 5
88 53 32
14 73 98
86 31 30
63 63 67
24 55 38
55 49 74
54 37 5
26 31 39
91 55 74
22 10 74
92 99 43
67 79 58
39 88 23
43 84 86
65 7 30
55 30 20
33 99 94
41 92 56
15 33 19
97 27 92
91 25 29
72 19 73
38 39 37
12 66 51
26 62 62
18 5 33
63 19 80
47 45 13
54 97 63
34 1 6
69 9 29
75 97 71
61 73 31
6 53 75
20 14 99
66 78 57
89 83 78
47 45 45
53 57 43
88 61 38
19 87 26
6 63 72
36 93 45
14 41 41
34 24 75
83 80 7
59 32 17
1 50 100
20 33 37
72 36 97
57 80 13
35 36 40
19 3 89
34 71 58
8 40 35
75 99 98
33 21 29
30 58 10
7 82 15
46 79 48
65 96 86
95 57 54
89 45 74
47 90 66
61 37 49
23 32 53
65 99 69
83 32 79
6 3 63
38 82 5
36 11 43
68 24 44
16 73 61
71 33 6
21 99 78
97 8 35
3 96 37
11 51 17
46 91 69
65 56 35
92 72 26
66 82 74
24 32 63
18 89 40
84 86 16
89 39 73
86 37 65
93 88 71
17 34 28
45 79 78
24 72 14
11 28 53
46 24 54
51 48 7
5 35 6
62 94 61
100 6 93
62 30 45
32 61 98
57 96 71
91 9 45
31 13 16
40 10 55
64 65 46
67 61 8
66 85 48
25 78 1
26 26 17
32 26 54
30 18 57
50 57 46
20 84 20
32 14 100
71 94 47
68 94 80
75 64 85
57 69 94
33 77 35
91 34 43
66 57 41
41 88 32
91 65 5
3 28 33
74 41 15
3 70 66
37 36 55
77 91 41
58 43 23
23 78 79
60 20 10
94 32 94
77 91 50
29 74 92
13 95 2
60 43 76
32 47 57
82 50 76
84 55 90
81 56 4
7 48 9
72 90 14
12 37 11
63 80 45
11 15 75
23 55 4
75 30 23
61 71 2
84 43 98
51 35 33
5 54 52
34 84 17
12 75 3
33 36 7
5 39 11
43 30 94
63 67 1
68 27 42
76 50 1
13 66 31
41 3 64
39 36 24
35 50 62
11 64 99
29 62 51
2 89 78
82 26 17
11 94 82
74 32 30
30 43 70
92 52 95
52 36 55
38 24 45
100 64 50
93 56 7
73 94 27
57 84 19
59 28 36
24 86 16
96 31 16
61 44 37
35 82 53
54 39 80
77 53 19
40 90 59
95 15 4
7 10 49
36 99 31
92 80 28
83 89 20
22 68 21
64 41 9
97 85 56
17 23 18
45 61 29
92 15 19
22 88 31
45 20 41
17 31 69
81 10 43
14 74 3
16 61 2
55 28 59
23 34 53
28 8 70
46 70 70
21 76 38
38 84 27
91 10 15
41 99 21
8 19 59
84 13 48
11 88 2
100 50 65
27 6 82
85 100 94
46 76 86
76 54 36
49 20 75
64 85 53
18 92 77
73 33 21
30 99 22
3 75 92
40 41 51
84 35 53
54 45 82
55 72 12
97 13 7
68 26 42
100 22 73
49 74 2
42 13 71
20 92 60
71 61 13
83 3 6
41 25 56
57 40 9
51 86 19
92 3 37
55 69 38
66 47 92
59 96 74
48 16 12
88 57 70
26 29 55
20 44 34
92 27 39
87 33 1
98 26 25
88 55 18
37 100 26
23 15 1
54 79 25
28 58 81
66 77 67
25 62 100
4 20 14
7 6 46
4 24 5
13 1 10
94 23 1
73 70 12
18 14 93
9 2 55
46 39 27
90 39 87
100 71 38
21 87 68
59 48 3
60 33 75
15 55 89
75 63 75
79 28 86
5 48 90
40 34 85
11 45 73
21 63 38
3 14 34
11 3 46
69 22 59
29 76 63
73 64 8
70 100 4
45 76 59
66 59 30
83 22 28
53 99 49
18 29 32
7 51 86
27 65 43
94 68 85
38 14 56
62 57 15
39 18 45
93 63 45
93 7 17
94 30 88
49 99 2
47 20 63
40 13 43
53 40 53
12 37 26
72 28 14
61 33 68
44 83 19
93 82 28
16 67 40
55 85 21
64 45 92
59 7 56
43 71 25
37 37 36
48 7 50
9 69 87
69 27 2
94 4 10
98 48 65
83 41 96
20 73 21
4 70 36
75 51 25
2 58 78
67 46 75
54 59 56
24 24 47
61 70 4
33 18 4
100 34 55
25 3 100
27 6 2
45 80 75
7 85 100
87 8 90
54 48 67
84 75 45
85 88 47
72 86 63
23 65 3
54 32 30
53 58 64
55 52 98
17 94 52
19 22 51
64 38 66
85 96 99
98 18 84
76 49 97
12 46 58
21 42 22
72 71 23
19 26 39
71 38 79
57 57 90
38 55 24
46 21 80
32 23 66
27 11 86
31 35 25
29 3 70
36 15 67
93 68 29
74 70 98
95 3 22
34 66 81
7 69 92
54 25 60
39 94 43
47 82 57
59 59 6
58 17 37
16 16 49
13 29 10
33 1 84
98 20 72
23 83 98
4 100 87
10 66 14
16 21 83
18 89 61
50 5 37
52 58 39
100 82 22
34 89 67
30 71 80
65 14 17
26 88 82
78 2 88
58 53 47
22 97 37
16 43 27
73 79 64
39 60 17
21 53 52
83 73 83
90 91 85
34 49 56
71 100 2
76 88 12
50 30 50
10 51 45
75 75 99
2 75 87
14 39 61
83 61 43
50 56 89
57 12 89
28 54 62
25 9 43
42 88 88
88 46 44
38 31 97
69 60 21
32 59 49
37 57 47
14 9 86
74 60 52
87 80 59
67 88 83
73 9 84
3 90 74
75 54 91
3 96 66
92 42 18
78 36 95
26 11 22
10 33 83
44 48 91
51 11 48
41 49 36
55 11 50
69 90 89
91 12 46
55 13 42
96 91 89
3 78 26
3 18 92
88 95 70
28 11 3
10 80 97
18 69 38
52 2 55
4 16 14
84 9 66
27 58 7
66 56 49
27 28 18
32 31 11
20 52 85
65 34 90
35 70 95
53 72 2
27 5 70
72 36 40
1 92 88
47 38 83
64 94 8
54 23 75
9 17 85
29 17 78
3 1 74
30 39 77
40 9 99
33 41 63
11 42 3
50 65 82
46 24 23
15 27 45
73 30 75
13 57 17
41 33 65
91 100 86
13 62 30
96 49 85
56 82 18
36 81 82
23 60 70
75 11 17
82 50 62
83 15 19
95 41 44
41 83 28
85 34 100
72 12 56
74 25 51
60 83 35
67 47 80
1 22 19
67 42 54
84 32 37
66 99 90
45 26 18
22 66 28
11 23 66
80 82 28
6 29 65
21 57 18
57 46 8
37 65 6
65 48 79
6 66 32
29 87 59
65 19 68
33 91 22
16 3 67
28 10 77
42 75 6
87 1 9
18 50 10
28 85 79
34 88 11
19 16 48
87 93 61
15 32 36
60 26 17
14 84 96
42 82 15
12 41 91
36 24 69
11 95 70
64 23 34
50 70 69
66 21 62
54 28 10
99 80 21
86 87 20
5 74 56
87 76 62
80 61 41
56 18 9
34 5 95
25 90 59
98 4 16
30 80 52
7 52 92
66 90 14
80 66 11
11 84 98
20 27 32
7 25 20
61 48 60
17 24 55
13 46 49
29 54 64
18 80 52
55 49 21
34 29 28
48 62 30
36 27 92
83 98 32
11 2 46
19 59 50
53 76 72
92 40 31
78 19 25
98 88 88
80 80 81
36 90 35
100 21 44
10 75 22
35 67 40
24 68 89
82 51 72
11 86 95
98 13 60
35 33 72
12 91 1
32 82 92
35 73 34
55 81 61
71 3 10
91 39 98
7 57 1
25 32 12
35 44 28
92 23 79
33 32 49
45 24 24
82 68 33
79 24 54
66 28 72
45 54 13
67 37 93
77 30 63
18 67 39
3 9 3
16 44 76
77 33 88
36 100 19
44 60 1
99 73 98
61 2 64
51 22 88
97 51 36
18 96 83
76 100 72
48 18 73
40 9 89
10 97 13
19 90 97
48 29 47
82 35 28
39 61 71
98 68 39
83 51 92
2 91 77
30 49 74
84 10 97
97 57 78
98 85 72
25 57 89
36 25 3
67 75 87
43 31 58
27 57 7
19 71 51
99 97 74
61 51 60
70 80 66
16 19 66
65 76 62
50 4 23
77 11 52
89 51 70
42 40 15
79 6 97
15 71 39
78 38 80
10 81 78
76 48 6
27 66 5
42 14 32
60 59 12
20 10 100
96 11 43
83 75 41
74 24 35
45 70 49
34 5 10
59 85 98
47 46 33
93 42 63
52 17 65
37 51 8
80 2 94
66 77 51
86 95 51
72 87 56
88 6 40
71 60 38
44 98 50
13 80 33
96 81 66
94 91 54
70 74 32
50 27 53
76 2 38
83 39 56
67 86 6
61 39 95
48 53 23
59 42 35
99 41 37
38 41 82
8 40 25
95 79 93
69 93 97
69 51 36
37 89 12
98 79 93
35 94 95
87 99 88
35 94 22
13 54 85
39 58 36
41 44 42
45 41 86
84 34 49
77 3 97
8 14 68
95 82 86
71 8 38
47 73 10
1 70 77
39 42 74
35 85 95
72 45 58
59 88 35
99 44 32
25 57 2
14 65 94
99 28 32
14 71 97
62 30 25
83 58 87
89 85 43
62 33 38
23 6 60
40 89 78
19 23 87
42 65 49
32 70 95
31 22 46
46 85 85
22 51 98
74 35 22
39 20 18
9 60 52
99 77 41
14 58 50
40 68 36
17 68 89
10 53 87
15 19 31
96 49 98
61 67 79
43 72 90
41 15 14
77 42 79
49 79 4
77 17 11
39 84 93
53 35 69
35 67 28
34 5 90
43 90 55
20 82 97
98 74 36
1 78 95
35 72 48
45 86 54
45 11 92
71 77 57
33 20 60
28 97 67
84 37 34
46 2 2
48 95 96
14 94 53
55 65 10
23 24 93
2 79 52
41 89 84
18 99 55
12 79 66
15 19 38
71 89 58
62 91 5
55 85 87
18 1 57
44 6 79
96 17 39
1 56 59
24 93 5
45 7 92
84 27 73
41 12 35
48 33 100
82 43 66
91 84 26
100 95 51
5 32 97
87 65 92
5 47 90
41 44 87
94 13 90
39 90 5
28 98 21
88 33 43
46 93 63
19 67 13
28 84 9
94 63 24
60 66 63
74 87 90
6 53 1
85 22 26
85 80 46
88 55 97
56 25 87
54 10 43
84 77 32
55 61 48
75 99 84
48 68 19
56 29 72
61 1 60
60 3 40
50 39 47
59 18 16
2 24 41
47 83 29
39 70 73
69 51 25
100 56 24
91 73 92
10 100 89
48 77 34
48 73 32
91 16 10
43 43 39
18 16 72
13 18 69
90 5 80
70 87 69
93 45 16
20 61 70
45 60 55
18 77 16
4 72 6
67 52 65
94 65 64
80 3 99
89 4 99
30 55 1
20 98 20
35 63 9
8 30 24
24 51 17
98 6 48
87 40 23
2 5 16
42 12 91
93 21 29
22 66 91
15 3 32
92 58 75
73 14 35
97 30 47
88 27 81
95 60 10
58 13 24
68 35 8
96 3 73
11 81 76
65 79 89
60 58 97
74 61 67
46 94 49
77 49 42
74 69 37
92 95 62
52 30 83
47 87 99
98 94 46
54 73 38
42 83 97
58 24 27
5 49 92
69 13 26
83 85 67
99 62 93
90 22 95
63 1 20
71 25 41
84 41 40
55 12 99
25 72 47
80 16 64
14 34 73
43 51 18
41 48 84
49 42 22
40 90 94
100 64 55
92 42 17
45 35 40
10 51 68
49 100 78
53 84 42
51 3 39
83 21 87
50 74 79
32 34 83
56 53 40
45 48 41
43 90 69
83 21 14
92 83 13
85 1 4
16 83 33
47 14 18
81 15 83
72 13 92
39 48 94
38 36 38
8 99 73
23 77 3
29 35 12
27 38 32
26 1 10
77 24 44
67 86 67
60 53 36
92 88 82
62 3 86
47 38 68
24 75 89
89 91 2
38 7 95
27 2 37
34 5 4
48 81 21
57 38 12
3 5 34
39 72 66
96 92 81
71 63 36
94 37 58
13 31 35
17 27 41
80 78 51
45 75 43
87 46 21
80 78 72
28 20 56
