1000 10
5 3 25 44 46 3 37 13 87 9
24 5 47 72 84 16 59 31 96 28
43 1 86 91 93 43 87 75 96 62
21 8 57 66 84 14 63 53 87 50
35 17 69 89 92 19 86 56 98 55
13 7 55 80 93 10 55 52 99 42
13 7 38 56 84 7 44 29 96 21
45 23 58 81 86 33 77 58 92 46
37 4 71 87 93 29 72 65 93 48
10 4 59 82 86 9 66 49 92 32
46 7 65 74 80 41 67 57 92 53
9 4 39 60 64 7 44 36 77 33
8 1 25 50 50 2 36 24 86 23
22 14 56 83 89 20 73 43 97 30
21 1 68 77 80 10 69 49 93 45
28 11 54 77 80 24 63 44 92 34
19 6 53 62 64 9 56 32 92 22
27 12 58 80 86 25 69 50 100 40
27 18 46 61 61 21 47 43 70 27
21 2 35 73 80 20 49 32 85 29
24 2 42 55 66 15 52 40 73 38
73 25 85 96 98 42 91 81 99 77
14 7 56 83 91 14 80 30 97 22
31 16 47 73 80 24 49 42 80 35
36 6 59 85 86 9 65 58 100 53
7 4 49 67 82 6 61 41 96 30
17 8 45 94 96 16 77 32 98 31
27 2 47 57 82 19 49 47 90 32
24 2 48 86 88 19 76 44 97 25
24 6 68 82 86 11 75 49 99 40
23 9 59 77 78 16 73 36 78 31
58 36 89 95 96 40 89 74 96 58
29 18 56 88 89 22 68 56 96 56
28 4 70 81 91 23 76 47 98 35
41 11 62 72 80 34 67 56 97 48
14 2 61 74 75 4 71 27 93 18
34 3 58 93 94 32 63 51 97 34
41 3 82 95 98 22 86 62 100 61
27 13 47 70 92 24 56 45 93 36
25 2 56 70 72 11 65 53 75 30
29 2 46 57 66 20 55 38 96 31
44 32 60 72 76 40 68 57 90 48
21 5 33 60 63 15 57 31 68 22
15 9 64 66 77 12 65 59 99 27
26 5 45 74 87 7 52 45 92 30
32 10 64 83 87 24 64 56 94 33
18 5 81 87 88 9 81 71 100 28
18 13 39 46 71 16 42 29 92 18
26 13 45 71 74 19 54 33 80 30
21 9 82 87 99 11 83 77 100 70
28 6 56 61 64 20 60 48 93 38
21 1 53 60 60 13 54 44 93 33
36 32 49 66 69 33 62 43 72 43
25 1 64 79 82 6 67 59 82 56
34 12 60 78 85 26 61 51 91 44
36 2 70 74 76 20 71 64 90 50
33 14 53 86 87 18 67 45 94 36
22 1 50 74 96 8 73 31 100 25
36 6 47 51 61 10 50 46 83 43
42 6 69 77 85 17 74 65 86 52
28 6 46 52 63 15 50 35 68 30
9 2 60 88 88 4 73 51 97 28
46 4 71 86 92 40 78 59 99 59
29 8 45 57 62 12 55 39 92 31
13 1 70 79 79 9 78 65 86 23
12 10 65 73 92 11 73 60 100 21
24 2 50 64 68 2 57 49 74 36
29 26 52 54 82 28 52 40 100 40
45 35 51 65 66 35 63 51 91 48
20 4 35 67 70 18 47 29 88 22
31 2 40 76 85 9 61 35 92 33
14 1 65 91 91 5 89 57 95 52
19 7 54 64 94 17 61 48 97 39
33 9 66 84 87 30 83 47 95 34
26 12 68 90 90 12 85 46 94 42
44 3 77 95 95 7 87 73 100 61
20 2 56 72 84 4 69 22 95 22
34 13 73 83 94 20 79 61 96 55
12 5 70 81 84 10 71 41 92 20
36 2 53 76 78 29 68 47 96 42
39 4 59 85 85 32 79 51 88 49
25 12 68 76 81 24 73 66 87 41
33 22 51 74 97 25 65 45 99 39
29 9 56 88 90 26 82 50 99 40
28 3 51 75 78 4 59 48 80 44
23 2 50 65 81 13 60 50 95 36
30 11 64 95 96 29 90 60 98 48
30 18 47 71 81 19 56 41 89 31
27 17 72 79 79 18 74 52 80 35
31 7 59 79 95 16 75 48 98 33
17 2 25 44 71 2 34 21 79 19
38 15 55 60 63 32 58 54 81 43
27 21 88 92 94 27 91 67 97 36
24 2 50 84 91 12 50 44 94 31
39 7 63 81 84 14 76 63 90 40
30 11 60 79 96 23 69 57 99 35
45 31 72 81 88 41 80 63 94 57
38 6 79 85 100 38 82 77 100 50
21 9 45 52 80 13 51 36 85 33
33 22 52 72 85 24 69 50 100 44
19 9 59 88 88 19 59 29 89 19
4 1 56 84 86 3 71 15 98 7
5 1 57 70 91 3 66 56 93 48
21 10 43 85 90 10 45 37 99 31
45 35 70 85 87 42 80 62 98 61
28 10 63 95 98 23 71 53 99 38
31 17 49 64 67 31 63 42 91 31
33 17 56 60 87 30 58 53 94 51
19 5 39 60 61 10 56 39 98 30
19 11 51 73 78 18 73 49 99 38
9 2 39 83 89 7 40 11 94 10
32 2 57 71 74 9 68 50 83 33
21 14 44 65 70 20 59 37 88 21
21 9 67 75 82 11 70 52 92 44
37 19 75 89 98 32 81 51 99 42
44 16 51 81 87 19 59 49 88 44
23 3 76 89 90 9 79 56 93 34
48 24 66 80 82 43 67 65 96 52
23 11 49 75 79 20 53 28 85 26
11 8 48 74 74 11 67 38 83 12
18 12 33 34 60 17 33 29 90 27
33 6 42 52 66 24 50 38 86 35
32 2 50 65 73 8 51 50 96 42
28 3 64 98 100 22 75 49 100 44
22 8 57 72 77 22 69 52 84 37
17 3 57 83 86 11 64 49 92 31
39 12 62 68 96 12 63 44 97 41
41 2 52 68 80 39 61 48 97 44
35 9 54 72 92 26 65 52 98 38
19 12 36 72 80 14 66 32 96 28
50 3 67 80 90 19 73 66 96 63
17 4 35 71 77 9 56 24 91 23
23 4 68 69 73 18 69 63 79 53
10 1 34 51 57 10 43 22 86 20
18 11 53 64 74 15 62 32 88 27
26 8 46 67 85 9 47 36 91 30
27 13 58 74 79 17 65 36 90 32
26 23 51 73 82 24 57 49 85 45
33 4 46 66 73 6 53 45 77 36
38 16 75 92 92 17 80 52 100 42
27 7 65 90 91 10 65 59 96 30
15 5 50 83 87 7 53 42 90 38
48 25 58 87 89 32 74 55 96 53
31 12 55 66 97 29 61 39 98 32
24 8 61 75 76 19 63 47 79 45
47 10 60 65 82 10 64 54 85 52
8 3 60 77 80 6 70 59 86 28
64 45 74 76 77 62 75 66 82 64
27 26 40 51 52 27 44 40 93 39
18 2 50 86 95 8 66 40 100 31
14 4 51 87 88 10 77 27 95 23
11 6 35 51 60 9 44 29 93 15
40 3 66 69 93 17 67 60 98 49
17 5 41 65 72 12 64 41 81 19
49 26 89 93 100 30 91 80 100 68
38 3 65 84 87 36 81 58 98 51
35 21 46 60 77 25 58 45 93 43
18 17 53 74 76 18 54 46 90 44
33 17 59 72 73 29 62 54 78 34
42 15 59 74 81 25 67 58 83 51
7 3 47 62 70 6 56 33 74 12
16 4 47 59 68 9 59 41 85 25
25 2 40 59 69 12 50 38 93 33
44 17 69 72 73 34 69 69 80 62
50 31 75 78 78 48 77 74 80 63
30 5 44 60 65 26 47 43 85 31
24 12 35 70 94 17 50 32 99 27
37 14 58 71 71 34 68 52 92 49
20 13 43 59 65 19 52 35 88 23
34 13 57 74 87 17 71 47 100 40
27 7 56 71 79 27 67 54 85 29
15 12 75 89 92 15 85 65 97 46
12 3 65 83 92 6 76 52 93 18
41 13 72 80 85 18 76 44 88 41
34 10 51 75 83 17 54 48 83 35
18 5 49 58 64 15 55 34 78 22
18 9 66 74 77 16 73 51 86 50
27 12 65 81 94 23 65 52 96 39
11 5 25 47 47 11 40 23 81 17
44 14 50 76 82 27 60 48 98 44
31 13 54 92 92 14 66 36 99 32
35 6 63 74 82 15 70 60 83 41
10 2 47 72 93 5 50 27 97 22
31 28 54 68 76 30 60 52 81 47
19 10 80 87 93 15 85 60 95 28
36 19 68 87 88 21 75 63 92 42
30 6 62 85 88 13 70 56 96 53
32 10 37 59 93 11 48 37 96 35
16 1 70 83 85 5 79 67 100 53
12 2 36 58 73 4 37 33 98 19
26 4 45 86 93 12 85 44 100 33
49 23 85 89 90 25 86 65 90 54
47 11 61 81 87 15 75 60 99 51
16 12 42 48 52 16 45 41 90 31
20 6 36 59 73 9 40 24 94 20
40 5 60 76 95 21 64 57 95 52
17 10 38 72 72 16 45 37 92 28
26 5 50 72 85 20 68 41 99 29
24 11 84 93 93 24 90 66 95 52
42 27 58 79 82 40 60 51 83 46
38 14 73 86 93 26 84 62 94 40
46 30 64 78 83 45 76 63 87 61
24 16 50 65 69 17 63 48 73 41
36 3 78 82 94 33 82 59 97 42
3 1 8 75 84 3 56 8 95 3
32 1 84 90 90 18 85 77 96 49
18 13 50 77 80 15 65 40 94 23
30 4 59 66 78 6 64 52 81 47
20 9 42 54 58 19 50 41 60 26
16 15 46 81 85 15 62 37 100 29
13 1 21 71 74 12 51 21 91 14
27 19 35 79 80 26 46 30 99 29
36 10 71 90 97 12 86 69 98 52
32 15 55 69 82 18 69 53 98 33
3 2 46 76 90 2 64 10 97 5
38 28 50 73 77 31 51 46 85 44
8 1 47 58 78 7 53 41 85 41
53 6 63 75 76 16 66 59 94 58
40 17 52 80 85 25 58 49 92 42
39 24 53 67 88 33 62 47 98 39
34 16 55 65 85 26 55 53 88 38
35 25 49 58 71 30 57 47 78 35
33 1 59 63 82 10 62 52 98 47
21 13 27 39 72 14 35 24 80 24
36 28 67 69 74 29 68 55 100 54
30 3 59 76 85 23 69 55 95 52
40 8 68 94 95 18 87 63 98 50
23 10 66 74 77 20 74 58 91 51
8 1 22 95 97 7 91 15 98 9
12 5 34 49 88 8 40 21 90 14
17 4 29 65 76 10 40 28 79 25
3 1 75 85 93 2 81 32 96 11
23 5 27 67 74 7 39 24 80 23
48 2 64 82 85 33 74 61 89 50
42 32 60 82 85 34 73 57 97 55
31 18 55 70 79 25 60 48 87 47
26 6 62 94 94 25 86 43 100 33
24 12 50 76 80 17 53 50 89 33
28 10 56 69 79 24 68 52 85 51
21 11 50 89 89 14 73 45 91 39
26 12 49 67 77 23 50 39 97 32
17 3 42 70 88 10 44 23 92 21
27 8 69 78 84 22 73 58 95 43
28 4 58 76 79 11 69 54 92 53
15 9 25 65 68 15 49 18 72 17
51 23 73 77 77 47 74 61 84 52
23 10 51 92 93 17 77 41 97 32
18 12 66 81 83 13 79 31 92 20
26 14 47 89 90 16 80 41 97 36
44 4 76 84 93 23 77 62 94 51
37 8 57 76 77 26 65 50 93 39
39 7 68 86 95 12 77 64 98 62
12 9 50 84 87 11 56 33 97 16
19 3 60 79 81 14 66 54 84 42
16 5 52 79 85 14 74 35 90 24
20 4 34 46 82 13 40 33 96 20
11 3 57 61 82 11 58 49 86 43
36 26 60 63 91 34 60 56 100 45
37 31 55 57 76 32 56 40 99 39
27 4 82 91 92 14 91 72 93 32
36 9 60 83 84 12 75 50 89 42
26 2 55 77 89 19 63 50 96 26
25 4 45 78 87 21 62 43 96 34
54 9 76 88 92 37 77 71 94 65
21 1 39 61 92 17 47 38 99 25
37 1 69 76 82 18 69 62 100 39
22 9 30 59 79 21 51 29 87 27
41 38 70 84 92 38 75 61 98 60
26 23 64 74 83 24 70 44 96 28
27 7 81 91 93 13 84 35 100 27
38 11 54 66 89 15 61 43 90 41
26 9 54 87 89 18 71 52 95 36
44 5 78 88 89 39 78 54 100 50
31 1 52 72 87 6 55 37 93 33
13 2 40 68 81 9 41 31 92 14
31 12 49 58 63 23 51 48 93 44
44 21 58 76 77 22 73 56 92 47
6 3 39 72 80 4 61 35 92 27
12 10 26 54 63 11 48 25 94 18
28 6 40 63 64 18 63 32 78 29
24 7 40 61 81 17 55 37 93 32
30 6 59 68 96 11 62 54 97 36
15 2 67 90 94 9 70 52 96 50
16 1 68 81 81 16 76 60 98 27
6 2 41 53 54 4 48 26 62 21
26 16 60 72 73 16 67 48 100 32
42 1 65 78 79 10 72 50 98 49
38 12 79 83 88 33 82 71 90 70
31 3 71 78 80 10 72 66 84 33
4 3 53 77 82 3 63 37 87 24
4 2 74 77 81 3 75 39 91 13
19 4 68 86 88 14 86 67 98 37
58 8 71 75 75 31 72 67 99 64
25 1 52 86 88 24 77 30 93 28
11 4 51 70 99 7 65 37 100 31
24 7 48 79 84 8 53 42 91 36
49 35 70 82 83 46 78 62 88 52
25 1 61 81 91 9 63 47 100 43
40 12 84 91 93 27 86 76 95 44
17 13 30 61 85 14 42 24 96 22
21 3 61 87 94 17 86 57 96 55
27 20 53 68 69 24 57 49 89 34
32 9 51 63 74 14 54 34 76 32
32 16 59 62 76 30 61 58 84 57
20 2 34 78 84 10 35 25 95 21
15 9 49 51 76 12 49 45 78 38
38 13 63 76 93 28 74 58 98 43
54 2 72 77 92 16 76 70 96 63
27 9 69 91 96 24 89 64 96 49
27 14 36 43 60 25 42 33 82 32
16 6 47 56 66 15 53 30 86 23
19 14 24 30 55 15 25 21 56 21
33 2 46 70 73 12 55 43 83 39
14 5 35 56 62 12 50 30 81 19
29 8 60 79 82 14 73 50 96 44
32 3 69 72 83 30 71 69 87 60
28 14 71 82 87 19 80 51 89 42
18 9 50 70 77 15 52 37 78 24
39 23 58 74 82 36 60 48 96 42
36 3 38 79 88 29 46 37 97 36
33 8 82 89 92 33 83 81 98 38
31 26 56 67 68 30 66 42 93 33
36 10 53 71 80 13 68 49 86 46
28 17 54 89 91 28 75 53 91 42
19 8 35 54 59 10 35 28 82 25
19 1 37 52 77 17 49 31 83 19
26 2 47 66 67 13 51 37 95 28
13 4 60 77 81 6 75 42 92 38
42 3 56 67 76 11 62 51 96 49
35 16 57 72 73 21 62 44 100 43
13 1 64 74 80 6 74 54 99 14
20 7 33 71 81 9 44 30 85 28
39 19 50 66 73 24 64 50 83 50
18 4 64 87 93 7 65 39 94 23
39 13 56 78 80 36 57 54 97 40
36 5 68 87 88 6 71 63 90 36
31 3 67 89 92 19 74 65 97 65
63 16 92 94 95 30 93 85 98 72
35 28 82 91 91 33 88 80 98 73
30 6 61 74 83 13 64 59 85 31
25 10 72 83 86 18 78 63 100 41
19 9 58 79 90 16 70 38 94 31
35 28 59 75 76 33 60 46 92 44
33 16 84 89 90 29 85 66 97 34
28 25 49 68 83 25 62 43 96 37
25 11 42 60 60 12 49 41 70 30
9 8 46 65 83 8 47 36 95 18
33 25 53 75 83 30 67 49 93 43
24 13 62 63 65 20 62 49 66 26
30 12 44 60 67 29 48 42 95 39
39 21 60 85 91 24 66 57 93 45
29 23 44 55 89 29 52 42 95 31
51 12 77 90 97 45 87 65 98 54
29 14 53 78 79 15 78 45 95 36
27 1 60 63 66 23 62 57 96 47
20 2 64 84 86 7 77 45 100 24
51 29 67 92 93 32 86 61 100 52
24 7 45 81 91 7 69 38 93 35
17 5 54 96 99 11 84 40 100 18
58 20 76 81 93 40 80 73 94 68
26 13 38 52 91 18 47 31 97 30
22 4 55 83 88 6 55 48 92 37
22 1 46 66 81 5 60 38 98 34
26 8 66 81 95 17 75 51 96 48
14 1 69 76 93 9 76 51 99 21
24 7 48 54 58 17 50 36 91 27
39 15 57 86 92 32 63 49 99 47
51 38 82 84 86 47 83 75 90 60
24 20 60 74 79 23 60 51 85 46
16 5 55 69 94 12 61 39 98 17
15 1 70 85 89 6 82 22 94 16
33 23 62 74 78 27 66 60 92 48
45 2 63 83 86 11 68 59 90 52
22 10 52 77 79 20 59 46 97 31
36 5 89 91 95 20 89 83 96 79
17 8 62 78 89 9 72 49 95 28
46 14 74 86 91 29 83 63 99 55
21 1 53 61 85 3 55 47 91 39
10 1 67 83 88 5 72 29 100 29
27 15 57 76 78 25 58 47 93 31
44 6 68 76 84 41 70 64 96 60
25 2 64 88 89 16 65 39 89 37
24 2 54 65 75 10 61 49 100 33
20 18 70 76 82 19 73 57 88 36
32 7 60 64 82 15 62 52 87 51
48 14 61 77 84 38 73 56 88 49
33 23 62 72 82 30 68 58 95 50
40 1 52 71 74 6 65 51 79 50
16 2 34 69 74 8 65 24 81 22
23 2 45 63 65 22 48 29 69 27
19 2 38 54 85 2 43 32 96 31
20 9 71 82 89 10 74 58 96 38
28 16 74 84 90 17 78 63 94 51
58 10 68 85 93 29 76 66 98 63
15 1 61 92 96 5 84 52 99 48
21 13 33 73 78 18 72 27 80 25
39 17 54 68 69 27 66 46 98 45
28 3 78 97 99 13 96 53 99 37
34 4 52 82 84 30 52 47 97 39
16 8 30 53 74 12 53 27 76 25
21 3 47 67 86 13 49 37 96 26
10 5 42 77 83 7 72 38 97 27
53 26 67 86 89 34 70 62 100 62
27 2 66 75 77 9 70 37 86 36
32 14 47 61 65 14 59 37 80 37
33 4 42 54 66 29 53 36 76 34
26 14 60 72 87 23 64 60 100 28
29 23 33 51 75 25 40 33 84 29
6 2 34 45 67 5 43 18 90 14
28 9 64 72 87 22 65 61 96 43
19 8 58 74 96 10 62 27 98 25
21 14 50 69 77 15 54 50 100 35
48 2 80 82 92 22 81 63 92 61
36 5 67 85 87 9 80 52 89 49
28 4 40 83 84 10 67 31 98 30
45 17 58 70 75 45 69 50 83 49
51 20 58 59 66 44 59 56 100 54
26 4 43 81 91 7 65 32 99 28
23 2 27 51 90 9 49 26 99 25
5 1 14 81 91 4 77 13 95 12
37 27 72 89 97 28 85 56 97 49
20 2 57 69 69 13 67 53 100 21
9 4 33 65 80 7 37 28 99 22
20 10 59 77 80 15 69 59 85 51
20 8 46 57 58 10 55 40 68 39
16 16 46 58 80 16 53 39 86 38
31 11 46 70 74 21 55 39 82 35
31 11 36 49 73 18 47 33 77 33
19 2 42 64 67 3 46 31 83 22
20 3 47 67 83 7 63 38 98 33
14 5 49 77 80 11 71 18 83 14
19 6 58 60 78 15 59 46 91 28
30 3 50 66 86 23 50 44 90 38
42 26 56 64 73 42 57 53 96 52
10 2 17 44 52 6 24 14 72 14
17 6 27 34 34 14 32 25 70 19
15 1 31 56 58 6 47 29 99 27
27 14 46 54 63 16 48 46 78 38
29 2 49 54 96 18 49 32 100 32
22 10 62 95 97 20 93 47 100 47
15 1 62 64 77 7 62 46 87 44
9 7 40 61 68 8 59 28 76 9
69 39 78 90 93 66 79 77 98 72
23 11 47 49 57 15 48 43 67 27
39 8 61 81 89 26 63 56 94 52
25 2 43 59 62 21 54 35 70 26
40 32 62 70 88 39 65 58 93 52
36 8 82 88 88 19 85 79 91 37
11 3 21 58 94 11 55 19 100 13
17 6 48 61 79 8 52 17 83 17
35 4 65 85 87 18 71 62 92 61
38 2 66 71 85 23 67 61 91 39
28 6 53 67 73 7 53 53 83 34
46 39 59 61 98 41 60 58 98 50
25 23 38 40 58 24 38 35 91 31
13 5 56 75 81 12 62 23 98 16
76 18 96 99 100 40 97 85 100 80
39 12 59 71 75 36 64 45 100 40
10 1 17 60 74 7 37 11 96 11
27 8 59 75 75 20 73 54 75 39
19 3 55 84 95 6 79 46 96 25
20 11 38 55 72 17 55 23 75 23
22 18 57 74 77 19 63 38 89 28
3 1 48 81 86 1 65 23 100 5
17 7 69 84 90 7 75 69 100 57
28 19 52 65 75 24 65 47 82 30
36 3 69 89 96 11 73 51 100 36
31 18 86 89 90 24 89 60 97 57
20 13 54 80 97 17 65 45 100 30
18 8 66 75 90 12 73 44 100 19
52 36 65 83 95 37 79 61 98 55
18 1 43 65 68 7 47 29 85 28
26 11 65 90 98 26 85 40 100 36
35 2 59 76 87 30 75 56 92 36
30 9 64 79 90 14 73 62 93 35
32 6 54 81 86 22 77 52 96 34
20 4 69 73 88 18 69 45 90 24
24 13 45 79 87 24 75 31 94 26
25 11 56 73 85 18 65 47 95 28
16 10 30 49 62 15 43 26 66 24
25 2 48 90 97 24 84 39 99 25
27 8 46 82 92 10 78 46 97 32
11 3 24 54 71 9 44 19 79 14
18 4 31 59 92 17 37 31 93 29
21 3 60 94 98 7 90 49 100 28
47 38 74 90 97 43 86 69 100 60
24 21 67 87 91 23 77 53 93 27
11 5 37 55 95 10 43 37 100 30
12 9 64 83 85 10 82 52 90 16
54 9 82 85 90 41 84 72 96 63
43 5 61 77 77 12 63 49 84 48
32 15 68 85 91 21 83 35 98 34
27 1 39 58 70 15 54 34 100 27
40 33 61 76 79 33 65 61 97 49
19 16 42 71 89 18 62 32 94 23
15 4 41 74 74 7 72 36 82 18
29 4 54 60 68 17 60 40 75 37
25 1 39 85 93 18 50 28 94 25
31 4 57 90 95 19 63 49 100 41
44 2 73 83 85 36 74 64 91 50
54 50 73 84 89 50 73 61 96 60
22 8 65 89 98 16 78 54 99 26
22 11 41 78 80 20 44 39 85 38
14 7 29 49 73 12 36 28 75 14
45 34 65 90 94 45 67 49 94 48
41 12 73 85 97 22 83 67 100 48
19 4 42 54 65 18 49 36 93 33
34 20 67 78 78 32 76 44 91 42
13 2 29 46 72 13 31 29 87 27
14 1 35 79 85 4 38 30 86 22
40 26 53 65 76 35 58 51 84 42
22 8 56 60 72 15 59 55 93 44
24 13 75 91 93 16 79 61 96 58
39 17 62 94 97 27 76 43 100 41
28 13 72 85 91 15 83 44 91 41
19 4 33 71 77 9 66 19 86 19
30 17 56 73 74 27 64 55 99 48
29 11 60 70 89 23 66 55 96 49
51 33 60 75 80 46 71 54 80 53
16 11 59 81 88 13 69 45 99 29
32 2 73 96 98 9 95 65 98 51
19 9 43 61 65 12 57 35 86 31
32 15 79 94 95 18 93 54 96 48
39 3 64 76 84 28 65 57 98 40
26 22 60 73 73 22 65 42 81 41
27 3 42 58 60 5 49 37 75 33
9 1 21 45 69 1 31 12 73 10
29 7 68 75 77 13 72 43 82 35
52 11 69 78 99 39 72 54 100 53
22 4 54 62 78 12 60 40 94 24
29 18 69 83 83 20 74 68 97 59
21 19 40 88 90 20 43 35 94 29
44 15 88 95 96 31 92 79 100 77
17 4 59 72 83 11 70 48 99 42
37 1 60 85 88 24 70 48 90 47
10 6 46 64 65 9 55 28 100 18
11 6 42 87 89 6 44 38 90 20
28 2 41 70 83 25 50 39 89 31
37 6 71 80 82 19 77 50 94 41
34 24 66 79 88 33 77 58 93 39
43 9 66 84 86 12 79 59 91 58
54 24 62 82 94 49 73 62 98 55
22 6 36 67 89 14 41 31 98 30
27 3 39 69 76 5 56 38 92 33
11 9 45 52 80 11 50 25 89 11
26 9 45 95 100 13 76 36 100 33
26 13 46 73 73 25 49 44 85 27
23 12 50 74 96 14 70 47 99 29
7 1 34 50 70 7 46 33 98 22
59 10 77 78 93 21 78 63 94 62
37 7 62 74 88 27 69 52 95 47
17 2 58 96 99 14 85 48 100 27
58 2 78 79 91 15 79 73 99 67
30 4 50 70 87 9 59 47 95 46
33 7 73 94 99 20 86 46 100 37
18 5 53 77 86 14 76 52 93 32
44 5 77 92 98 25 90 61 100 49
19 5 39 56 76 8 49 33 84 26
22 7 56 68 71 16 63 55 100 42
63 43 75 93 94 57 89 75 98 69
35 4 63 83 90 25 69 57 94 49
54 40 58 72 77 53 71 56 90 55
31 26 42 48 68 28 46 42 92 34
48 6 65 88 94 15 74 57 94 52
25 19 50 87 92 23 68 46 94 46
16 15 44 50 77 15 44 36 79 34
8 1 25 43 49 8 30 24 79 19
11 3 42 64 76 7 53 42 83 31
42 4 65 79 80 12 75 63 94 48
11 1 18 65 87 7 18 14 97 14
41 17 55 86 89 37 73 53 90 47
18 2 54 77 79 16 76 44 79 32
13 1 44 59 87 8 56 37 95 16
7 4 28 46 66 6 29 14 82 9
28 7 51 66 91 14 54 42 98 40
25 6 75 80 96 9 80 73 99 57
20 3 42 81 84 10 64 31 98 25
28 14 52 73 87 27 66 46 91 32
17 2 49 75 85 14 54 42 100 40
11 5 82 90 94 7 88 70 98 65
6 2 48 79 83 6 53 45 89 24
14 10 35 66 78 13 57 28 96 14
43 9 67 71 86 15 70 65 96 49
26 7 60 64 65 24 62 50 96 33
10 3 37 55 73 4 49 30 93 28
32 7 62 85 86 11 72 58 87 39
27 3 45 89 91 17 86 42 93 29
34 3 50 80 82 29 73 46 96 41
35 24 83 97 99 27 90 44 100 39
12 5 55 65 79 5 58 50 97 12
42 6 61 68 90 18 66 55 92 45
26 11 64 81 90 24 75 55 92 28
22 2 71 86 89 12 77 70 94 46
31 5 53 64 69 20 63 47 100 39
42 27 52 61 74 32 60 50 92 48
50 17 64 76 87 49 64 55 94 52
39 9 85 92 97 16 88 73 98 46
8 5 29 43 78 7 33 20 90 18
29 8 62 74 97 23 64 43 99 29
21 14 46 79 80 15 52 39 85 31
10 2 41 67 81 8 44 39 95 20
55 2 71 83 87 34 80 67 89 66
5 1 68 84 89 3 74 17 95 6
25 2 44 64 85 19 49 33 100 30
39 2 59 75 78 20 74 42 88 42
28 5 57 70 80 27 69 48 93 48
27 22 63 79 89 23 73 38 92 34
14 10 26 73 77 10 48 24 83 19
39 7 52 81 89 38 59 49 90 44
42 7 82 86 88 10 84 52 93 44
22 5 30 48 50 19 45 25 86 24
20 11 42 66 71 13 56 36 99 35
24 9 47 54 59 12 52 27 71 25
41 3 61 93 95 24 73 50 100 49
15 8 47 85 91 12 74 36 96 27
21 14 34 59 93 18 50 31 95 27
28 20 45 82 86 27 72 36 97 32
21 1 43 53 59 9 43 38 68 22
38 4 55 78 80 19 70 52 81 50
22 5 29 56 93 14 43 29 97 23
27 11 40 54 91 20 44 40 96 32
29 5 59 69 69 8 66 56 100 48
25 8 48 64 65 21 61 43 69 40
34 12 60 70 82 19 63 57 98 56
31 11 64 78 93 23 76 48 98 36
32 18 64 75 83 22 70 64 88 53
16 5 41 56 72 16 44 39 94 18
9 3 50 83 84 7 53 31 92 15
6 1 38 49 86 4 43 9 88 7
12 2 20 62 69 6 25 16 93 14
23 14 54 63 82 22 63 52 87 39
37 20 68 88 94 34 74 49 98 43
18 2 40 63 64 9 47 31 94 24
28 13 71 77 78 13 75 71 88 54
14 9 51 67 76 11 62 24 100 15
42 27 61 95 98 38 72 60 98 53
8 1 39 58 59 6 46 35 59 8
17 5 32 75 76 17 67 21 77 20
44 9 53 63 79 27 62 50 95 45
22 17 70 83 93 20 72 27 98 24
42 14 72 79 97 16 77 71 100 48
32 6 60 68 71 19 67 57 91 51
21 12 58 76 92 16 74 28 97 21
51 19 55 91 96 37 79 54 97 52
24 9 56 78 87 14 59 55 96 38
7 7 61 77 87 7 64 16 89 11
13 7 53 55 55 9 53 43 67 32
13 3 34 63 72 9 51 29 73 25
23 11 34 49 80 22 43 32 80 24
17 7 43 67 69 9 64 27 79 18
44 19 68 87 93 33 76 64 99 47
19 3 54 68 79 9 60 45 86 21
38 3 80 90 93 12 88 65 96 44
38 8 76 80 89 17 78 52 97 44
35 10 64 82 88 23 66 64 97 55
21 4 56 74 76 8 72 38 90 29
16 6 42 82 84 15 80 38 98 22
33 13 67 86 95 20 68 51 99 38
6 2 42 54 54 5 43 27 58 17
39 4 57 60 69 19 58 55 90 46
37 14 78 83 88 33 81 60 89 46
50 1 73 83 92 37 79 56 93 54
30 13 57 87 94 14 63 46 97 45
14 2 58 86 87 3 85 47 91 15
21 12 72 75 79 17 74 63 89 31
37 19 71 90 93 25 83 68 100 46
65 33 71 92 100 34 74 69 100 68
42 1 49 73 78 4 52 49 81 44
11 8 41 70 80 10 53 41 98 17
13 3 69 74 81 6 73 56 92 20
11 6 44 64 69 8 60 19 88 13
39 3 60 64 94 30 62 52 96 52
22 12 48 90 90 19 85 44 100 26
39 25 67 73 79 25 69 65 93 44
52 10 54 89 90 25 81 53 99 53
32 18 57 77 78 28 75 52 84 41
12 3 37 42 48 8 39 21 77 17
20 14 58 62 76 16 61 29 76 24
27 7 55 66 69 19 66 55 72 42
29 23 65 83 90 25 76 45 97 42
41 8 72 84 87 33 76 66 96 65
33 5 42 68 81 12 65 41 88 38
20 3 34 88 90 13 35 29 96 21
48 4 58 75 79 36 63 58 86 53
41 5 58 91 95 36 79 51 97 50
18 7 81 83 97 13 82 64 97 55
10 5 27 47 60 10 36 19 85 13
15 12 49 59 79 12 56 30 83 26
20 4 54 77 85 17 68 35 90 28
31 3 60 91 95 25 90 45 98 39
38 27 67 82 98 27 68 54 100 49
11 3 37 53 54 4 37 26 80 18
14 8 42 70 70 11 43 38 81 38
47 3 55 77 92 42 66 54 97 48
17 11 67 87 92 17 68 60 94 54
24 6 57 72 79 8 69 44 85 30
11 3 46 53 91 4 47 21 98 14
14 3 57 89 91 8 64 38 94 28
46 34 55 63 91 36 62 51 98 47
54 11 65 76 98 53 67 63 100 59
18 1 54 63 83 2 60 50 87 31
54 9 82 83 83 37 82 69 90 68
22 17 46 68 77 22 52 27 90 26
38 34 50 84 89 35 65 42 96 41
12 5 67 82 85 10 80 63 89 27
15 6 49 58 65 10 51 28 93 18
48 7 61 84 84 25 77 55 85 49
22 20 70 76 87 22 74 53 95 49
8 1 50 53 73 2 51 20 80 10
41 11 60 62 67 39 61 43 77 43
16 1 43 52 81 5 46 29 100 18
38 2 71 85 93 8 82 57 96 46
15 5 35 70 87 7 46 32 94 27
22 9 50 69 95 20 62 28 96 25
19 3 58 68 77 19 59 25 94 21
15 3 51 80 89 8 74 33 99 26
16 5 59 70 85 14 63 57 95 21
21 9 24 45 50 12 41 23 82 22
29 8 52 81 90 25 80 46 99 37
28 1 49 71 81 5 64 35 85 30
21 5 64 70 74 16 65 30 80 21
36 29 57 77 82 31 74 54 97 44
31 5 69 84 89 11 75 67 93 40
14 3 51 58 59 4 56 41 82 20
13 6 47 61 83 10 56 26 96 20
31 26 42 55 84 30 53 38 98 33
29 11 49 85 95 25 79 44 99 32
12 6 42 62 71 6 52 35 81 30
27 16 58 73 92 23 68 49 96 47
9 4 52 65 81 5 63 50 95 29
21 4 29 64 76 20 58 25 77 22
31 3 82 93 97 18 88 71 99 70
23 9 48 72 85 11 49 36 88 30
26 17 59 72 73 20 64 44 93 36
33 15 43 63 78 19 57 41 84 39
20 1 46 71 86 12 52 39 92 26
44 14 68 85 88 28 76 67 88 49
54 17 65 75 75 25 69 61 82 58
34 10 57 74 77 11 70 45 89 40
35 4 50 62 66 31 55 44 69 38
33 11 70 84 87 20 80 45 90 38
21 14 60 66 75 14 61 55 92 47
24 10 29 70 74 22 33 27 97 26
14 1 58 68 83 9 66 48 99 46
31 3 61 72 92 18 69 34 94 32
11 2 34 92 92 7 88 27 93 16
21 7 58 78 90 14 67 55 93 40
18 1 40 53 72 4 42 27 92 23
19 4 64 89 96 4 82 55 99 45
39 7 67 85 95 18 76 60 99 54
25 6 34 51 68 17 42 28 91 28
18 9 60 89 96 16 66 58 99 34
19 17 38 69 85 18 41 26 93 22
33 14 39 83 85 20 47 36 96 35
41 14 58 70 95 19 69 52 100 48
20 9 44 84 93 18 67 42 93 34
12 3 41 70 70 4 43 28 73 28
29 7 64 75 77 8 73 47 98 44
23 6 53 80 97 18 66 44 99 32
11 1 65 83 88 3 66 42 98 28
24 13 50 71 71 18 67 47 96 36
10 4 52 57 58 8 53 43 95 28
21 10 64 74 98 12 65 39 100 38
7 5 72 82 91 5 80 68 99 58
16 12 51 62 89 13 52 48 90 18
46 20 63 91 100 24 87 58 100 57
15 5 59 73 92 12 61 37 98 34
29 11 55 59 95 14 55 38 96 35
16 1 52 72 95 9 65 40 97 29
27 7 38 62 67 19 42 36 77 31
35 3 68 81 84 28 77 61 87 51
10 4 22 66 69 9 34 20 85 15
31 20 51 79 84 25 71 47 88 37
61 4 74 75 97 20 75 73 99 68
35 13 71 81 92 33 74 56 95 55
2 1 46 54 69 1 51 31 76 22
6 3 31 49 62 4 34 30 81 10
31 6 67 97 98 25 73 44 98 34
41 7 74 94 97 29 85 60 98 43
9 4 42 63 81 6 49 16 97 14
12 4 20 77 87 7 73 18 90 14
25 16 66 85 86 16 74 62 89 36
36 5 72 90 94 28 84 70 97 69
47 4 61 73 77 24 62 55 86 52
31 2 59 78 78 26 67 46 99 43
49 24 58 83 98 31 71 58 100 53
29 7 35 96 97 16 87 34 100 31
19 5 55 61 66 12 58 52 70 34
25 20 76 89 89 20 87 58 96 43
35 10 56 73 92 13 64 41 95 37
33 22 62 92 92 23 73 56 100 35
47 12 80 92 93 13 89 63 98 48
32 19 59 80 94 21 76 45 99 36
19 5 66 86 93 18 73 32 95 21
25 1 38 42 45 7 41 29 62 27
50 5 58 89 93 23 76 55 96 55
16 1 58 85 92 7 76 48 95 19
41 10 52 77 93 14 61 51 100 48
49 17 73 75 92 17 73 67 96 66
43 10 75 85 91 23 80 63 99 47
23 18 58 83 90 22 68 33 91 24
16 4 52 69 71 8 65 19 80 16
33 5 82 88 99 33 86 47 99 45
12 4 32 53 57 10 42 29 74 17
34 15 47 64 79 27 56 41 94 39
23 14 52 68 81 19 58 34 99 30
24 4 56 71 76 9 62 45 77 43
18 10 68 82 82 17 69 63 97 43
42 19 68 82 88 36 74 67 93 45
28 4 45 81 94 6 66 38 97 34
31 12 73 78 80 23 73 69 82 66
20 8 73 90 100 8 76 63 100 52
47 23 80 86 91 41 81 78 98 50
37 8 54 67 97 22 66 52 99 50
14 4 50 69 71 9 53 40 98 33
41 13 61 76 88 24 62 61 94 60
44 4 51 69 80 41 54 50 90 50
12 2 59 78 85 10 73 51 97 40
33 16 62 66 68 18 62 56 92 50
33 18 84 87 91 25 85 73 94 40
31 12 40 42 74 16 42 40 80 39
40 24 50 79 86 31 62 44 99 40
13 6 41 44 91 11 42 36 97 23
30 2 78 87 92 13 86 74 97 70
20 6 52 59 91 10 55 37 91 24
50 33 70 75 76 34 71 66 91 56
35 21 48 57 65 26 57 48 73 38
27 4 39 63 64 20 59 31 79 28
32 22 51 77 77 27 62 48 95 35
23 1 43 58 91 3 53 36 92 35
14 2 26 38 71 6 30 26 93 16
53 7 65 81 89 49 67 62 99 54
47 14 68 83 95 26 72 58 97 55
35 26 50 79 87 33 68 48 99 46
23 20 77 87 92 21 85 66 93 37
16 15 42 60 76 15 43 39 87 27
46 4 82 92 94 43 91 80 99 78
52 10 62 84 90 41 84 59 93 59
14 6 54 72 84 8 55 24 97 16
29 8 80 94 95 28 83 32 97 30
8 1 22 29 74 3 22 16 80 11
54 7 73 86 86 32 74 72 94 57
40 1 73 82 91 5 78 55 94 44
35 5 48 82 88 27 80 44 96 42
45 17 74 85 97 34 78 72 99 65
22 4 46 56 65 11 50 38 66 31
19 5 43 57 81 5 54 43 99 24
32 8 57 67 79 13 61 45 80 43
32 4 52 64 90 29 56 48 95 46
19 10 47 50 56 13 48 44 60 34
12 3 41 62 63 5 52 38 64 28
31 5 46 75 78 10 53 40 89 39
9 4 45 64 66 4 60 35 68 30
28 3 50 71 92 24 61 41 92 41
43 33 52 74 81 40 56 51 85 49
23 2 34 74 84 18 38 25 87 24
44 7 71 81 84 30 81 50 89 48
45 12 76 77 92 45 76 66 95 55
17 8 54 93 94 14 72 53 100 19
26 7 36 70 84 17 47 31 86 28
14 1 70 76 78 3 71 52 84 47
22 16 61 74 96 19 61 48 100 40
49 11 74 85 88 36 84 66 95 57
26 16 51 75 78 16 70 40 82 28
32 18 72 80 82 27 78 67 94 43
17 1 43 70 71 7 65 35 93 20
47 9 63 71 93 36 65 52 97 50
39 5 52 64 77 11 61 49 87 42
26 18 43 74 84 19 66 34 96 26
16 9 33 95 97 16 73 30 99 16
49 40 69 83 90 48 72 64 100 54
32 15 67 79 87 22 75 66 89 55
8 7 50 51 84 8 50 41 85 36
16 7 63 75 79 9 72 23 94 17
36 8 63 78 85 17 64 61 97 56
34 2 75 78 83 24 77 67 89 65
23 1 63 80 87 23 71 59 90 47
6 3 43 56 80 5 48 24 86 10
43 6 54 90 95 26 71 52 96 45
22 11 64 83 88 20 81 47 94 45
41 20 55 86 96 28 86 51 99 50
36 20 43 61 85 35 44 41 90 39
18 6 57 75 80 17 63 43 80 31
35 2 44 88 96 34 50 39 99 36
49 4 68 88 89 48 80 64 89 51
19 8 31 77 79 8 52 29 87 25
43 25 66 82 98 29 79 63 100 58
26 3 44 65 75 19 55 34 85 29
17 1 43 80 81 10 67 31 84 18
45 7 47 52 58 37 47 46 66 45
17 10 28 48 82 14 46 27 94 18
17 5 57 72 86 10 71 53 100 42
35 9 71 84 89 12 84 67 92 50
27 11 33 63 67 14 40 28 99 28
49 10 53 76 92 29 63 53 98 52
12 3 69 85 89 4 74 41 96 36
21 5 41 70 74 12 58 38 93 37
27 20 53 81 92 26 76 51 93 50
17 11 75 77 77 14 76 71 90 56
13 3 34 54 79 4 36 33 85 29
57 20 77 89 96 50 85 68 97 60
11 6 30 58 60 8 44 25 61 12
23 6 41 42 67 16 41 30 84 24
12 6 68 90 91 11 69 48 100 22
43 22 50 71 74 41 51 48 79 43
13 3 32 39 80 11 38 19 94 14
14 4 34 88 92 5 38 29 99 20
49 28 74 86 95 47 86 73 95 51
15 3 29 59 64 10 38 20 98 19
13 3 37 68 79 3 54 24 86 14
27 22 64 80 92 27 68 37 100 30
33 9 44 84 88 30 72 42 89 38
21 17 67 83 83 19 80 49 97 36
29 6 64 74 92 22 69 55 95 33
45 28 57 76 81 39 63 53 93 51
27 12 79 87 88 24 83 70 96 38
36 15 55 85 99 26 74 48 99 40
12 1 35 85 95 1 46 27 95 18
37 5 51 57 67 12 52 41 91 38
46 37 61 82 92 44 74 51 100 47
28 13 52 73 86 21 57 48 92 36
30 26 57 75 84 28 62 52 95 48
15 7 47 64 77 12 47 35 86 25
11 8 51 57 65 10 55 31 96 18
39 4 68 79 82 36 71 56 91 41
22 7 36 51 54 14 39 29 66 29
42 9 59 80 92 21 63 47 95 45
38 10 64 73 76 16 67 43 79 42
49 28 72 75 78 39 75 69 91 64
16 4 55 79 88 15 67 54 89 25
51 3 66 74 84 45 67 62 98 52
26 4 36 73 90 18 54 36 93 29
27 1 49 71 76 8 59 37 89 36
31 16 71 77 96 24 76 43 98 42
13 3 50 79 90 12 59 35 91 30
47 15 63 65 79 35 65 61 97 61
20 9 63 64 79 12 64 51 84 50
54 18 70 79 82 49 75 65 90 54
54 19 75 84 88 37 75 74 97 64
35 29 74 84 87 30 74 65 88 45
24 18 40 79 80 22 44 37 100 34
9 2 33 73 73 8 66 20 85 14
25 6 57 70 96 6 61 57 100 37
12 2 54 81 95 4 79 46 95 15
54 30 59 85 90 53 70 55 96 55
23 9 59 77 77 14 74 57 100 27
34 26 49 96 96 31 74 40 99 34
24 5 38 55 75 7 39 31 97 28
52 6 87 91 97 48 87 86 100 82
13 2 61 74 84 9 67 59 86 26
25 24 29 53 60 24 44 26 97 25
19 2 34 39 73 9 35 33 79 27
2 1 52 83 86 2 81 33 98 4
25 5 53 63 73 10 63 44 98 26
15 5 34 56 60 10 43 30 78 23
28 19 49 74 83 27 74 32 90 28
18 5 77 89 94 9 85 66 100 37
17 14 55 70 83 17 60 38 91 30
40 2 65 77 83 12 76 54 93 53
34 7 52 63 83 25 59 50 87 41
20 6 33 76 81 7 70 28 83 24
23 2 50 75 92 19 73 38 94 38
47 5 53 68 79 46 54 48 97 47
28 2 71 86 96 17 78 65 96 32
44 30 54 67 81 38 61 52 97 52
34 26 45 80 82 33 60 45 93 35
32 20 47 63 84 23 51 37 84 33
20 7 40 80 80 11 59 33 85 29
20 13 49 96 96 17 73 22 97 21
36 21 67 78 79 24 70 63 92 53
29 5 50 72 84 27 61 32 89 31
29 14 69 77 78 25 70 65 81 34
29 9 65 73 89 27 66 51 91 29
54 17 88 91 99 31 89 69 100 55
22 3 38 49 66 9 47 32 85 27
22 4 54 60 63 12 57 47 78 46
13 4 66 75 80 12 70 56 97 16
22 3 43 70 89 13 44 34 91 34
25 9 44 70 85 12 55 41 97 26
49 31 66 73 77 32 67 66 97 60
19 6 41 66 71 9 49 24 76 19
31 10 59 68 91 28 60 59 100 51
13 11 34 61 63 12 52 25 75 21
25 10 60 80 83 23 63 59 93 39
27 14 63 81 91 25 65 36 99 33
26 4 50 59 62 22 56 49 97 44
47 21 64 68 79 33 65 62 90 58
24 2 55 77 86 10 73 37 98 35
34 28 44 84 85 29 53 43 93 40
16 6 46 53 88 15 53 39 88 28
17 2 47 73 80 4 49 43 83 35
33 8 53 85 89 18 81 43 89 42
24 12 52 91 94 13 63 51 94 35
55 42 75 95 95 55 83 64 97 56
23 5 37 60 85 22 49 32 100 24
10 3 57 63 67 5 59 53 94 14
29 11 62 87 96 17 75 51 98 40
59 44 78 93 96 49 83 75 98 74
49 6 68 77 89 7 75 65 94 63
49 1 64 67 76 22 65 59 81 54
